0.036185918890935836,0.0352901062139577,0.01793452181794064,nan,0.011687345239918656,0.012972136906868048,0.0073584774246139295
0.03614742144221858,0.035251868015289345,0.01792846521997038,nan,0.011683121514207584,0.01296928607958503,0.0073589336519206405
0.03632735048507893,0.03543136556964027,0.02109917228701852,nan,0.021460193523043236,0.022786681554467947,0.02077259043601909
0.036431752219277386,0.035535146444230975,0.020235892435800595,nan,0.019776849584470124,0.020083354843465795,0.02085998542529044
0.03651404550631074,0.035615630936236264,0.019724043241304057,nan,0.018678628099351946,0.020247226841100363,0.021383007255736164
0.036492262036389306,0.035594009303084956,0.01965720897210832,nan,0.01861774039254105,0.020185191236461675,0.021288170455824762
0.0365080595001864,0.035609732579085174,0.01963844133717707,nan,0.018598126985252317,0.020163809845489933,0.02126922865192027
0.03645050595426311,0.0355527982459439,0.019406915114469014,nan,0.018357585385519015,0.019933087622207246,0.02109082264125739
0.0364496924062907,0.03555213640365762,0.0194453425393023,nan,0.018391038620064415,0.019962439052858105,0.0211674545583711
0.03644787767466995,0.03555058613603479,0.01943449004258646,nan,0.01839041655278828,0.019958713466715405,0.021156882020733403
0.0366780075462943,0.03577882194445525,0.019712619593294733,nan,0.01872090681091132,0.020303835663103453,0.02141944262274431
0.03667295010395946,0.03577375770669908,0.01953280266052082,nan,0.01856159249524758,0.020146096311191908,0.023992183371659426
0.03665541731655675,0.03575545842854386,0.019572051164072013,nan,0.0186244347441068,0.02020681337023489,0.024047111577761515
0.03125245319496045,0.031506383907834334,0.01959842418374158,nan,0.01864228451133365,0.020228973900647484,0.024088645604098957
0.03117757380784919,0.03143172566476915,0.020062151622743052,nan,0.019125612792824653,0.020708711523789725,0.014359337849580323
0.03127250374450924,0.0315254498132036,0.020089946511580914,nan,0.01915688263520643,0.020737599824475206,0.014402547344052774
0.030670577100450375,0.029842980752040366,0.02058593229367367,nan,0.01967574044503506,0.021250251919420537,0.014763885048569403
0.027449660524879654,0.027551274928370284,0.02052471001899825,nan,0.019582253420157958,0.021172885968592015,0.01469917199484283
0.027393341831400964,0.027495296006074338,0.02058869545235531,nan,0.019650107198794786,0.02124594714675876,0.0147400108865956
0.027406367884905414,0.027507892865459183,0.015691580686547524,nan,0.012325220988293473,0.01520754573793237,0.00835291147131867
0.02741380649368319,0.027515168429931652,0.015895120418308206,nan,0.012508627217867274,0.014315281233061694,0.008540665521050261
0.026834034693986875,0.027497005717724565,0.015904675390463474,nan,0.012504227637104348,0.014313101289675556,0.008544106472575086
0.026829372678681684,0.027492023558569584,0.015859050870634217,nan,0.012466732060997243,0.014276901880962423,0.00849955035338601
0.026780874338372285,0.0274435999741956,0.015821332236190866,nan,0.012426127726746783,0.014247196653702221,0.008458437976913813
0.026741340352157028,0.027405204541005063,0.01550532448033859,nan,0.012106603728767373,0.013940007019715983,0.008151857100413662
0.02674657141716824,0.02741071246640031,0.012678211390924732,nan,0.009253670355716004,0.01291074540829562,0.004444293313233483
0.026698546562270553,0.027362857170780353,0.012641535573595819,nan,0.009231494028803522,0.012877508524872794,0.004403327327905937
0.026741166608531736,0.027403491250399342,0.011219619573992756,nan,0.0076096521551586305,0.011491700271508254,0.004525467021768925
0.026700915249765478,0.027363539663606662,0.016332470599458082,nan,0.018171323938697803,0.016090196475868068,0.01979668313804006
0.02671156325751034,0.02737421316075564,0.016252491448282447,nan,0.01810465258065075,0.016024071914702898,0.019738851768528964
0.026810404327955756,0.027471670673700738,0.016398273576827882,nan,0.018244977222878322,0.016140100803396895,0.019901157595280106
0.026837439900726984,0.027498684130039502,0.01663181089320198,nan,0.01849608870557584,0.016395550732178688,0.020082598737162116
0.02684603806220978,0.02750735505984503,0.016629478586126623,nan,0.018495128725689813,0.01639517857193884,0.02008368029821961
0.026748732015408838,0.02740932320536818,0.01689783075846163,nan,0.018643498666467195,0.01654719490357437,0.020294870807912924
0.026725798084554997,0.027386598308636434,0.018777029824158187,nan,0.019998040486578383,0.016430603952378053,0.0201816132930821
0.026643910227555967,0.027303852964877917,0.018690727924229655,nan,0.019894767415456593,0.016323510754806758,0.020112195382686826
0.02671340456702509,0.027373279280260898,0.018691767403334003,nan,0.01990151657949568,0.016328320321448486,0.020116389061012763
0.026636934220834907,0.027296917109711327,0.010985582768997859,nan,0.008159817721416607,0.007290537820792697,0.004529919430480089
0.026640962409472363,0.027300890976253878,0.01100342243204111,nan,0.008181312423945375,0.007311788451242807,0.004547230147325054
0.02665588077331485,0.027315954096472,0.011046911329377407,nan,0.008217644171269911,0.0073456886519708275,0.0045800438190094495
0.026682736901748688,0.02734333653575538,0.010641757611519753,nan,0.007873755986587239,0.006987166352021124,0.004292501193885023
0.026793409515234096,0.027452645210029658,0.010683580559396555,nan,0.007948553262178804,0.007050407994425578,0.00436667473544694
0.026446248290808355,0.027108392623191563,0.010681902023636725,nan,0.014282963374185664,0.01598940285039152,0.012151597404965742
0.026539180388822192,0.027200811720251683,0.010718740740906951,nan,0.01434305151687032,0.01604549839360503,0.012219901354265206
0.026541313297954228,0.027202897257177394,0.01935206082037455,nan,0.019545036073006394,0.015938821515465107,0.022757577081385594
0.026563133530344035,0.027224870362585085,0.019406044423895596,nan,0.019594399795302753,0.01599672926446072,0.02279919508773587
0.02652821910988673,0.027190095304318762,0.019395926376934436,nan,0.019583833827604313,0.0159850176405838,0.022242789431731524
0.026476682342255864,0.0271391899239741,0.01941440406199657,nan,0.01960472288655113,0.01600348844211885,0.022264797077131804
0.026488586325699476,0.027151092434295504,0.019405094892328667,nan,0.01958892543383073,0.01599041436794313,0.022260907872823643
0.02652820310219317,0.027192109247094642,0.019361202843228953,nan,0.01951130464028883,0.015929273897143048,0.022178021089326094
0.026549773257248832,0.027213072548481626,0.01938220244289368,nan,0.019540154282791655,0.0159554029956559,0.0222056639489302
0.026505014550099876,0.027168393675713054,0.01936074174498481,nan,0.01950268859974502,0.015920376786737744,0.02218145362765822
0.026480238189129923,0.027142831712297116,0.019343295482099454,nan,0.019512082533634456,0.01592039736712403,0.022189768038904045
0.024269009657021223,0.02425505056059976,0.01647944301912896,nan,0.02098794466716869,0.015347273019494345,0.01819281591704336
0.024206722024850774,0.024193918417453053,0.016355753981575738,nan,0.020854279792370423,0.015209382820347894,0.018079451092798404
0.024282035612666814,0.024268992440419856,0.01609884384442961,nan,0.021079506359884648,0.015435904987755156,0.029521293126232306
0.02436034910596327,0.02434645099843924,0.016080565174043437,nan,0.021066083516098844,0.015424008387089128,0.02950831453975611
0.024375012228791737,0.02436083059733618,0.016116157279568055,nan,0.021099323618917976,0.015458709654416203,0.02954316424535408
0.02434559169230066,0.024331925928556847,0.01576492596062118,nan,0.02069004559760368,0.015053872920600453,0.02917815223532494
0.02437464642122758,0.02436080063445356,0.015793197049369434,nan,0.020681923208544117,0.015083635235432769,0.028433938186513796
0.024409165307824,0.02439503747600355,0.01582377909317323,nan,0.020722302668688908,0.01512427833552632,0.02847346282289781
0.024487914294068935,0.024473508908942176,0.004422383664371754,nan,0.006082112049963229,0.0022340390677867417,0.015110147536859464
0.024643491087986635,0.024627191170056656,0.00410888676780774,nan,-0.0009890623083309569,0.001876972442281466,0.009352648042249445
0.024579530187765736,0.024564345991971492,0.004034386432849368,nan,-0.001049739117021331,0.001805909379920534,0.009279714998291166
0.02470962477589833,0.024694382773741086,0.0022268645895420214,nan,-0.0017865379829995476,-0.0005186798061994624,0.010315963040093967
0.02784969934425363,0.02779495682191388,0.002216473546950537,nan,-0.0019990209096644174,-0.0005079256598776727,0.010314096270038764
0.027844719129161366,0.027790075300147293,0.004860338119291763,nan,-0.0020161036720802716,0.0020104084009648915,0.010289118296126332
0.027832884289250626,0.027777055273802836,0.004861300148955583,nan,-0.0020083813112403703,0.0020168612708973965,0.010303299249253994
0.027829771120743363,0.027773999215596312,0.0038936044718066443,nan,-0.003765597911251861,0.0002856766894039353,0.010296573752579863
0.027868559369467027,0.027812865338338988,0.003915907032625787,nan,-0.0037415780001285315,0.0003100574847887394,0.010322134213103573
0.02788290036126201,0.027827255000243634,0.0038451284800232743,nan,-0.003817762492861365,0.00023300538650383729,0.010233262978561197
0.027876626807577992,0.027821289499706164,0.0038437328293484674,nan,-0.0038230219794589404,0.0002443725536190877,0.010254549021998627
0.027792521496912803,0.027737783990093356,0.0037069917052816592,nan,-0.003980956151201864,8.10220996951827e-05,0.010147479957277272
0.027897923264864233,0.027842890063713488,0.003820961174719084,nan,-0.0038883228991808405,0.00017851707142835238,0.010245776343659752
0.027948669017791028,0.027893803619340907,0.003839431856356157,nan,-0.003878982951183607,0.00018748588831818402,0.010264512331817355
0.027965630724576085,0.027911278972629516,0.0038303878272859526,nan,-0.003893992181383754,0.00017424654136621864,0.010239448284013575
0.02787159495592223,0.027817365948129474,0.003767144870990724,nan,-0.002778853450350449,9.784296905435141e-05,0.015085803031833933
0.027857267257988066,0.027803760638388575,0.0037277412264131726,nan,-0.0028177590030099564,6.016225133986808e-05,0.01504726403400225
0.0278694391550805,0.02781581130686836,0.0037193638382061467,nan,-0.002826800004962604,4.5758104378901265e-05,0.015044395156848078
0.027889959642322715,0.027836292205854957,-0.0013017341006441585,nan,-0.012322194162010636,-0.008808786099927524,0.004335417745808812
0.02792615251181163,0.027871792186379862,-0.000987440079471269,nan,-0.011957235464801652,-0.008446784516403905,0.0046710713869903
0.027878963614132446,0.027823957969647095,-0.000983828673624898,nan,-0.0119630217892015,-0.008446414596318341,0.004686081246662255
0.027791771795161097,0.027737014558713746,-0.0013257194076565781,nan,-0.012339305332823791,-0.008812412129300506,0.003646335713966664
0.027778067202905488,0.027723296750075177,-0.00132580053690734,nan,-0.012345002000550886,-0.008818122426892394,0.003656564082013092
0.027843565379549073,0.027788769916572476,-0.0013374919718536216,nan,-0.012350219044692023,-0.008830425563710387,0.0036623609018100467
0.02789887698946164,0.027843481386108426,-0.0014825628419895542,nan,-0.012452255725344807,-0.008929066138585906,0.0034681996948133786
0.027890075965460365,0.027835301744057184,-0.0014644155119120095,nan,-0.01166413193842697,-0.008240327844485584,0.00443107089486916
0.027835957749427792,0.027781763986522517,-0.0014829442296516726,nan,-0.01176653226570401,-0.008343120477859345,0.004408616083163119
0.017877415019430493,0.018697228361531176,-0.0010627847913546873,nan,-0.0112599516746833,-0.007834271302318507,0.004722816311986122
0.01791338989149685,0.01873274894875182,-0.0009007358950168243,nan,-0.011076524537151244,-0.007669113804744665,0.004902433766727166
0.01797022911877022,0.018789276969848945,-0.005220313634536344,nan,-0.0115800877163873,-0.010092577354960386,-0.00719736755071998
0.017973200385322796,0.01879279897543154,-0.00516708731668547,nan,-0.011516669691640447,-0.010025142734945036,-0.007128999867579866
0.01797477905116246,0.018794126370609038,-0.003087947028930227,nan,-0.009383303531600662,-0.00478814465317845,-0.006995266453514448
0.017952330759391788,0.018771901719978834,-0.0030817892101872024,nan,-0.00937442093462304,-0.00478018763894783,-0.006986538990163771
0.017933660445510285,0.01875230207805323,-0.0030333809529582423,nan,-0.009320000470816714,-0.004727415514196198,-0.006892301958263181
0.017391314359512883,0.018259619398391075,-0.0029512860944267416,nan,-0.009169436211782789,-0.004576646110684757,-0.006812593886079243
0.02052097183990717,0.021300876346079745,-0.003063998941179036,nan,-0.00926661068980128,-0.004666801587789204,-0.006898196570712223
0.02053045161934186,0.021310800720405365,-0.0030739399149355418,nan,-0.0092802662855348,-0.004678171850426738,-0.006939475978214982
0.0204643033287166,0.02124530912164274,-0.003047046805339626,nan,-0.009261884059446612,-0.004662195934452273,-0.006917595204441129
0.012415805560937881,0.013009242924882897,-0.0029835330099247104,nan,-0.009185458152729531,-0.004579904369797272,-0.006881031985444874
0.012444292326773632,0.013037288011733622,-0.002920684395098294,nan,-0.00912100526812376,-0.004525200112381111,-0.006817247375245694
0.020231305998993976,0.021011192138088858,-0.0030528723756666487,nan,-0.009273728298023975,-0.004674864385521449,-0.006940368013354847
0.02026748622128069,0.02104749521297658,-0.0030744575388136353,nan,-0.009295548415166555,-0.004694986799920753,-0.006951616535535221
0.02026748622128069,0.02104749521297658,-0.0030744575388136353,nan,-0.009295548415166555,-0.004694986799920753,-0.006951616535535221
0.020252760745469556,0.021033047016658202,-0.003109184592259173,nan,-0.009359996846225016,-0.004755413803979369,-0.007031618284746632
0.02060730464050864,0.0213852119091259,-0.0031234033437766984,nan,-0.009387044818830459,-0.0047818851848183686,-0.006975944590744687
0.02054994113866737,0.02132844293089886,-0.0032299202725621923,nan,-0.009473019970328456,-0.004866809894854662,-0.007098932805482905
0.02046202341871245,0.021241125946294098,0.006176031095973311,nan,9.975170449350035e-05,0.003891099447214774,0.0019372489744879928
0.020375749244476354,0.021154345515019213,0.005652050331541925,nan,-0.00038929668816023444,0.00339016188439345,0.0015641043719762937
0.020521876775120407,0.02130022984013516,0.0066848748988858064,nan,0.005458624489320774,0.00867566943198017,0.00604288613172943
0.020499002360313406,0.021277443478859154,0.006640127120391748,nan,0.0053817403356324345,0.008606283083921862,0.005988506812889982
0.02049929340746856,0.021277813997310907,0.006655441640409543,nan,0.005396923466337578,0.008621433518054555,0.005999275396259218
0.020504620394555,0.02128351900239181,0.006694110796102604,nan,0.005430474505480176,0.008647967972984505,0.006035152630875507
0.020500184732874682,0.02127981698635631,0.007480058384495503,nan,0.006684826473799754,0.008701918991149693,0.007051389470545066
0.020425326074131278,0.021204223569493197,0.007403262552740264,nan,0.006623899496437713,0.00864125625270007,0.006966975529417274
0.020443123412885095,0.021222058900248753,0.007393071108846794,nan,0.005341100117884912,0.0059881623658596395,0.006954109272189535
0.019461862561149096,0.020264203015508603,0.007389257408724315,nan,0.005340958114519179,0.005989564802596936,0.006945510172678415
0.019393475926901632,0.020196586446602383,0.007665428141527153,nan,0.005546378068785995,0.006202380837814436,0.007197491432186953
0.01937472821892819,0.02017818411534697,0.007678491601370907,nan,0.005571095209552457,0.006223104747437258,0.007213121435860059
0.0193857800085189,0.020189217022782313,0.00765682094339426,nan,0.0055268863154097625,0.006179709818007417,0.007206861168991385
0.019377321624919452,0.020181296878411636,0.0076760935485290505,nan,0.005553295947190895,0.0061958104905381894,0.007245400783269629
0.01937254900383978,0.020176573703218348,0.007591110575155602,nan,0.0054472359469094345,0.006097818998543891,0.0071836646261884685
0.019546642991541907,0.020349970241144683,0.0076052501547203555,nan,0.005453970581538958,0.0061103713572641105,0.007195503226506528
0.019695913266277454,0.02049825530427421,0.013272533155906596,nan,0.010864728419350711,0.01405988096101951,0.01985347031512741
0.019676653741691613,0.02047893740340201,0.01331254208495336,nan,0.010922878188583729,0.014117190583407102,0.019880096928246438
0.029800832606622085,0.029766021851621,0.017686277741520207,nan,0.01477576068493991,0.01558740033686934,0.027698066416962652
0.029845988456145944,0.02981169741395151,0.01778257421578333,nan,0.014886225997178704,0.01570131344306791,0.027776046539377763
0.029875935561223615,0.02984096077722201,0.01779432471400233,nan,0.01488127979852738,0.01569152053533518,0.02778402132474095
0.02989607877181455,0.02985995160248678,0.017228374547114678,nan,0.01494450366234068,0.015750211094271327,0.02785024978955436
0.0298891366218402,0.02985274793384396,0.01723907104291378,nan,0.014950701117059984,0.01575346319130555,0.026630913055306182
0.02994285010952913,0.029906433059060322,0.017260082915993014,nan,0.014998876347211754,0.015793199425606086,0.02668311060705819
0.0299251277634503,0.029888868448733064,0.017315840689719142,nan,0.015030093317492499,0.015838867829240266,0.02671795462480553
0.02989931448649641,0.02986238155968593,0.01718566764402929,nan,0.014913546625616503,0.01571584989467889,0.02659202770098079
0.029905295437536616,0.02986823660774174,0.01737089952384485,nan,0.015078890223748531,0.0158749868407263,0.02668426169890048
0.029897087259424054,0.029859899325166195,0.017298327750260967,nan,0.014993423039446396,0.01578679142624073,0.026654360562998525
0.029821369881947557,0.02978504627332959,0.0173952385327657,nan,0.01513518751534182,0.015923990449068115,0.026729185127300603
0.029604734797765653,0.029569260161031535,0.017251880643594175,nan,0.014962665914776574,0.01575781341471605,0.02657375982944621
0.029613540739033467,0.029578071487051355,0.017260264678828463,nan,0.014969236192405533,0.01576580044510456,0.02658454245783204
0.0296322350633188,0.02959683619685849,0.017254476744132052,nan,0.014968865080032923,0.015766558314803336,0.0265779199819538
0.02960167822584489,0.029566978004280736,0.01705936906380323,nan,0.014734508435806926,0.015545597151152113,0.026349830897335114
0.029598143717677772,0.02956341414748978,0.017043214748285518,nan,0.014721683257276519,0.015532598170107215,0.026334027631898183
0.029608119836939895,0.029573508357638695,0.01706994586049726,nan,0.01475116884483807,0.015562546639204089,0.026339838754256384
0.029391984543414462,0.02936142242094686,0.017205804271686054,nan,0.014895379972619027,0.015713598655961225,0.026496019537694537
0.029416770580651563,0.029386061154442034,0.01723147522172397,nan,0.014935461781253268,0.01575185521512046,0.02648930760833257
0.02941405570706504,0.02938259061245954,0.017204562082788755,nan,0.014901897483455828,0.015734857796638413,0.02645944631244279
0.029452163377376328,0.029421113121294612,0.017210013266170776,nan,0.014934066267224488,0.015772745364951768,0.026452605239742466
0.0294262629694243,0.02939523594730284,0.01720922206297193,nan,0.014729887596083291,0.015714815040005936,0.0264505735341537
0.029402918299231917,0.029372322417786256,0.019922049872153735,nan,0.019723069972050533,0.02310491378341073,0.030554815103032817
0.029521295007577192,0.02949028872937845,0.019861531159613866,nan,0.01964087430233774,0.02301596632021985,0.03048939164120945
0.02953095175260831,0.029499981069702363,0.019876667361511613,nan,0.01966019924084017,0.023033727280492244,0.030501016562015537
0.029506453555029677,0.029475310964803936,0.017099270608822992,nan,0.019605729698599306,0.020371406647340384,0.03052900060361685
0.02942234450628764,0.029391975696988815,0.01695434070112467,nan,0.019435920064793888,0.02019875460792553,0.030395233291561907
0.029256686180228142,0.029227849114434185,0.016871400283249183,nan,0.01945529964103032,0.020220970921117076,0.030292668055995065
0.029299238079523393,0.029270429983803775,0.01686110631119564,nan,0.01942998645577121,0.020201183783398413,0.03027494156339694
0.029245991434515534,0.029217391393177028,0.017751261003285945,nan,0.01935536083866296,0.02013007156775548,0.03021552689938889
0.029247861445268863,0.029219173459504977,0.017424365218609572,nan,0.01925711556744214,0.02003349505005625,0.027845594357387426
0.02936249983973202,0.02933259932298149,0.01745823764284038,nan,0.01929059534829236,0.020067626640333236,0.027871525368180827
0.029364820724139484,0.029334734506328758,0.01744481205472248,nan,0.019270723259218192,0.020048276382761188,0.02786548729347771
0.029137370324751027,0.029109151329476224,0.017166270922981397,nan,0.01901541203336221,0.019796215546353024,0.027579668644692967
0.029130895122322614,0.02910253126403159,0.017190921072817167,nan,0.019046618150238226,0.019827228662018914,0.027614161509992075
0.029123960474385646,0.029095821896518076,0.01709434667077736,nan,0.01894422919550265,0.01972799509219947,0.027566734836126372
0.029121947084985722,0.029093874949062237,0.017099268545995416,nan,0.018947353471763906,0.019729804678544127,0.02757177289146384
0.029153275744109752,0.02912499379769648,0.01706303442515933,nan,0.018924838701497304,0.01970579875542544,0.027532411128383005
0.02914830513158373,0.02911994207736046,0.01701511491597041,nan,0.018875217813377976,0.019651677453203953,0.027484463341064025
0.029176649131783722,0.02914781212774123,0.015084510764873826,nan,0.01815393713914526,0.01957839681398177,0.029390130377195733
0.029236732181668446,0.02920801961368938,0.015371688511689907,nan,0.01846546815414951,0.019873132700018337,0.029604618682121275
0.029229114630437536,0.02920051183996944,0.01542065012502336,nan,0.018499750139999604,0.01990686693352761,0.02965957901802241
0.029266243590841123,0.029237740419943203,0.015427529675496432,nan,0.01847961664647846,0.019894929150471086,0.029641474940886314
0.029271633660306995,0.02924390559474843,0.015475698184876263,nan,0.018531238271317307,0.019944643344241397,0.02968498590580748
0.029533700085523806,0.029503606030471474,0.014720768786009808,nan,0.018759815807994684,0.019781800206664535,0.02992095053298216
0.029536560940983836,0.029506560218702044,0.014716547701890126,nan,0.0187620484840314,0.019776073474586098,0.029921666603288877
0.029474886590680233,0.02944451759727032,0.014748153827832011,nan,0.018784567747493264,0.01980216654596334,0.029937813987555018
0.02947043886956749,0.02943952930351107,0.014904260223274512,nan,0.018932390539641686,0.01995080505972946,0.030079488857901238
0.029334361095107675,0.02930403864769482,0.014890434774978423,nan,0.018917110137190107,0.01993602614218326,0.03005662371069484
0.029353019799223418,0.029322539905492495,0.01488298347348338,nan,0.01889787555226008,0.019917255511714527,0.030052886910016285
0.02036253467553195,0.02020424172355212,0.014255677269188305,nan,0.01807352622533087,0.019083787631794746,0.029571494700962875
0.02023986292113747,0.02008116614889452,0.014210460351832155,nan,0.01802065464228053,0.019030895500608547,0.02952786967959309
0.020388424266996552,0.020228738126639584,0.014288976695462141,nan,0.01816309063966859,0.019166136099614595,0.029652256245957687
0.02048971391377105,0.020329773739450246,0.014383418424762762,nan,0.01828497492630987,0.019295118410817436,0.02977989391401048
0.020460086016407086,0.02030037245583516,0.01429332364038327,nan,0.01820821465048983,0.019218821595804347,0.02969600847359255
0.02044038409726781,0.020280965475119456,0.01431329764894429,nan,0.018209108708254318,0.019222583988821373,0.029706141505863592
0.020418397393419635,0.020259087465392928,0.014324928957357153,nan,0.01822044609658202,0.019233266468823618,0.02971770525202211
0.029428535106869963,0.02939708643049932,0.013966913918339374,nan,0.017792428367899404,0.01881516477777523,0.02956290702762987
0.029212496406046146,0.02918174902632481,0.013893132266506125,nan,0.01770621075905543,0.018726052426020656,0.02946966372700044
0.02920264536004155,0.029171983583584166,0.013904055500440049,nan,0.01771839556933341,0.0187404121369823,0.02947977404702473
0.029123714113355514,0.02909349224147842,0.013816210384947847,nan,0.017637236001153966,0.01866611149311792,0.029394678826800358
0.029100944218260844,0.029065296744063412,0.013804102825166198,nan,0.01762461805235349,0.018652687658639033,0.02938550308201804
0.028788758429957706,0.028756809079787254,0.013602672404847915,nan,0.017415399185451652,0.01887479630881095,0.029121719015827607
0.028766418564101642,0.028734640888884305,0.013665414690702038,nan,0.017467858814125048,0.01892989944623058,0.029181853571447314
0.02867880027872957,0.028647729834888697,0.01371824500791008,nan,0.01753000866705068,0.018992009982820024,0.029242502741696486
0.028665071669247005,0.02863410461170135,0.013649139930761445,nan,0.01748176470256535,0.018948965053280697,0.02916194276215467
0.028647225059188625,0.028615797176900465,0.013632971364501367,nan,0.01747814496820832,0.01894130004487604,0.02913449118702638
0.02884039995497864,0.028809058546673233,0.013911168257641382,nan,0.0177171447536818,0.019167408095443372,0.02938113584523694
0.028643327416380232,0.028613678842346585,0.013819930158934235,nan,0.01763239554072038,0.01908670959824943,0.029282299776903664
0.028700854895049532,0.028670649511147145,0.013780329183466389,nan,0.017572316580349412,0.019022368909059173,0.02927591649702843
0.028694642155253386,0.02866423681666183,0.013610635805438642,nan,0.01739125143338338,0.01886815967199118,0.02907307079758137
0.028694642155253386,0.02866423681666183,0.013610635805438642,nan,0.01739125143338338,0.01886815967199118,0.02907307079758137
0.02899077284184093,0.028959483887284004,0.013440128756103564,nan,0.01782762850330144,0.019112260440051876,0.026513875006268672
0.029132597867122495,0.02910046855750678,0.013462969517868517,nan,0.017885063445792326,0.01917523011546729,0.026487245526103487
0.029271491680432915,0.029238082820302047,0.013662736739605719,nan,0.018065678990531908,0.01935470814575413,0.026696148793494134
0.029277414954591352,0.029244213296636845,0.013921613682906675,nan,0.018349825551672194,0.01959242256258653,0.026966499097658803
0.029286154784402274,0.029252809688969428,0.013907998791800824,nan,0.018328229754838277,0.019573305094714777,0.026950691713317543
0.03825376554302465,0.03782412742416269,0.018164645903105292,nan,0.018572412754966017,0.021379905462303173,0.027029850730360683
0.03707180251816225,0.036692847322680244,0.018136729307958843,nan,0.018529295656565026,0.02133840985517521,0.0269935617780378
0.03707577121589212,0.03669705295475398,0.018116190926281472,nan,0.01853059409776725,0.02133895918336881,0.02697880339094305
0.03714886548644866,0.036769216594184195,0.018072061440477794,nan,0.01849067357422496,0.02129471881164169,0.02692313628085119
0.03697565593571808,0.0365969612386976,0.018090825329871385,nan,0.01846181469344954,0.021262859904693343,0.026986103074320034
0.034401754866573125,0.03411527422470906,0.01956960648875805,nan,0.018540212806199552,0.021339074178160278,0.027033501199564713
0.03452845344290298,0.034240745742890016,0.019870268021729753,nan,0.018863917500485217,0.02166974069217431,0.027318973250048617
0.034604198477445336,0.03431561300901534,0.019876530102615364,nan,0.01886096637104151,0.021668622573836616,0.027335836456219176
0.03465511111807726,0.034366290043908176,0.01988216261104192,nan,0.018883581780042125,0.021693411330177548,0.027311478489115082
0.034651693568192976,0.03436300223203376,0.01997151403181463,nan,0.01896819100750713,0.02177194098120827,0.0273778152134887
0.034651693568192976,0.03436300223203376,0.01997151403181463,nan,0.01896819100750713,0.02177194098120827,0.0273778152134887
0.034684348338807264,0.03439556257598306,0.019973998150979888,nan,0.01887532439775652,0.021703389339403967,0.027391902837434756
0.03489441911768454,0.03460319362204212,0.020442329276254778,nan,0.019353837575475152,0.022181588609823666,0.030229611939324053
0.0348851742439828,0.034593877326253714,0.018878291655892276,nan,0.017760939927136232,0.019662752181326626,0.030444335450078408
0.03488774183778265,0.0345964876930564,0.019433839183384483,nan,0.018175630826181566,0.02006293360236089,0.030863273566619776
0.03492229549983855,0.03463103782381377,0.019450812194797606,nan,0.018187464585196933,0.020073124781029406,0.030879533627305555
0.03485916581384327,0.03456751464851854,0.01938298702309693,nan,0.01799516001878443,0.019289449061717145,0.030812441883088182
0.03487002185557975,0.03457731747503087,0.019289912949636667,nan,0.01790175173693609,0.019197306686687066,0.030742540817888298
0.04208044374249714,0.0417714243562175,0.019266749370851155,nan,0.017904420794007225,0.01920475344519834,0.030664763019398467
0.04207922822707655,0.04177058114533047,0.019301130466639838,nan,0.01792898221931194,0.019230545798701315,0.030686312335381105
0.042097644088633784,0.04178889878761155,0.01925515024168467,nan,0.01788679825558992,0.019186696722207297,0.03064294927659006
0.029555532203779794,0.02951774868171622,0.019301408641530404,nan,0.01790975617010071,0.019206331276385824,0.03069039552431041
0.04194737513877439,0.04163973767969653,0.019224795047121268,nan,0.017867878690590033,0.01917112229744533,0.03059209430424159
0.04193503159065037,0.041627217718613496,0.019209288813993974,nan,0.0178500969573403,0.019150978335832014,0.030577485024099627
0.04191203920958492,0.041604338329148255,0.023245625169827533,nan,0.02183939414678282,0.02348997830819255,0.03232723943332272
0.0418773997693864,0.041570942703934466,0.023975973887378155,nan,0.02427370803225315,0.026416631210180008,0.03509562368449909
0.04196290518777404,0.04165639013294592,0.024029276206325,nan,0.024324579726503703,0.026463038954232854,0.0351551362184121
0.04209243479426519,0.0417857871880683,0.026016941458078424,nan,0.025929890652810483,0.027858210754353796,0.03529292846967824
0.04214344291534988,0.04183654709165277,0.026070617486256054,nan,0.025969659395124745,0.02788953549825024,0.035060529784702144
0.04222216380911445,0.04191479821189581,0.026287215654258622,nan,0.02623223759650939,0.0281407421465093,0.035264163132548376
0.04216569680706306,0.0418583264096313,0.02627263000215596,nan,0.026220050400255768,0.028131501817910354,0.03523596848682703
0.043306765407509634,0.043029171982555736,0.026131575842499255,nan,0.02609817231568934,0.028004177317598522,0.03509472019499721
0.043308509013161633,0.04303085828971287,0.026139082772089317,nan,0.026467600705005312,0.028512382031256278,0.034483779686838745
0.03843404916357768,0.03802655802275709,0.026113232607800962,nan,0.02640389348300798,0.02844671899427098,0.03449644419088199
0.03842657952902842,0.03801868207757056,0.026116835094627477,nan,0.026454800056690986,0.028517456401167318,0.03446896225899504
0.038701383626969926,0.03829196493796444,0.024849378861111493,nan,0.025979513734995074,0.028044629679532695,0.034010901891409706
0.03856283126361912,0.03815449507480037,0.02472914632494605,nan,0.025856945591181124,0.02792666804267674,0.03387385783661562
0.038591357774517526,0.03818248055730447,0.023698096021420367,nan,0.024180688126920313,0.025879686221156994,0.03391394319816016
0.03861333198071107,0.03820413521286711,0.024841323495216394,nan,0.025991889115627442,0.0280627515768197,0.0373015766105711
0.042536396981088714,0.04215502897946588,0.02497808248094291,nan,0.026178497298702808,0.02824620453741855,0.03743048948699901
0.042547435514340814,0.04216636309301239,0.024966603866855674,nan,0.026134982001458917,0.028194359977431582,0.03746028042832761
0.04254159531900151,0.042160381275771375,0.024967169714609994,nan,0.02614510341235854,0.02820495612359042,0.0374533521771806
0.04243947060537964,0.04205962389361323,0.024979926965056798,nan,0.02616777130225678,0.028229620734167238,0.03747097889575568
0.04248912000918603,0.04210937647050453,0.0247681948329479,nan,0.02596083681183925,0.028031998709458605,0.03728956303287101
0.04248896837920235,0.04210916992684591,0.024815037370504056,nan,0.026010166519340516,0.02807254971952422,0.03735041423795726
0.042504710427850784,0.0421246897403367,0.02480471203655299,nan,0.02600300227292507,0.028058678534037096,0.037354092189499366
0.042511288750374854,0.042130533928583985,0.02490250830210705,nan,0.02615706122016004,0.028211320140737017,0.037468131530351445
0.04251362309958279,0.04213313112307321,0.02488626351608414,nan,0.02613598142255269,0.028193369618117803,0.037444059450661316
0.04095315917112194,0.0406043880339228,0.024810351423191768,nan,0.026000257362554957,0.028073799559209967,0.03744819265870414
0.04090297642715085,0.04055394852446009,0.02477545820367477,nan,0.02597350849620561,0.028047818526160895,0.03741495643018111
0.040634858240849975,0.04028938967288903,0.024575339087945514,nan,0.02576676348394924,0.027845199961822997,0.037179366691243
0.04060527448058343,0.04026065977512025,0.024459052181741048,nan,0.025650425106883534,0.027742593942886584,0.03938560874004021
0.044351272184991825,0.044076207521397126,0.024487172357425147,nan,0.025664699698620064,0.027754247414311872,0.039417420694434824
0.044458143466447275,0.0441827160948178,0.024300971047302,nan,0.025512257385032155,0.027602849741625857,0.03927929839362271
0.04431862292097527,0.0440432901161221,0.024246555559778282,nan,0.025468948040757056,0.027559660574463685,0.03922780380867724
0.0441006667892295,0.04382615413013827,0.02424058958229569,nan,0.025400681443940476,0.02749719591807931,0.0391461573678627
0.04420093555268692,0.04392488529840213,0.024221260675437284,nan,0.025372419422820647,0.027466132232172535,0.03912046787617035
0.04415331569454048,0.04387756830627951,0.024191190755796455,nan,0.025337474714258623,0.027432748630882298,0.03909523420908151
0.04434132745644395,0.044087686611867016,0.02413653380521419,nan,0.025256266188084076,0.027366218582121293,0.03903010543769542
0.044476823882949074,0.044224122728722864,0.02413922993436124,nan,0.02525692629435683,0.02736029836175835,0.03903932117825021
0.04456170817399793,0.04430841426801346,0.02423096936560587,nan,0.027039819764206163,0.02901251387606041,0.03913577050211253
0.04433522132244902,0.04408265373208675,0.024698553246521815,nan,0.02693496616865715,0.02890561300184802,0.03900849533574452
0.04432269451961096,0.04406953526766147,0.0238181357044448,nan,0.023695007360894305,0.026337062993171623,0.03471483400567099
0.04385659221778587,0.04386513002095657,0.02390982030722144,nan,0.02379002030377214,0.026434472767660755,0.03481145871352598
0.043855656968894485,0.04386451869419136,0.023890299717841845,nan,0.02681362803494053,0.028777504548465727,0.03650817057448197
0.043866066697572426,0.04387535218909777,0.023893324488872825,nan,0.02431325800005857,0.026906923692083473,0.03561957898122303
0.04399967696156565,0.04400676579615814,0.023864843067279207,nan,0.0242366943997675,0.02682744978553464,0.03559756103636058
0.04401432404265579,0.04402253165285508,0.023659134430725093,nan,0.024032176776512593,0.026659124860361927,0.03537538104164073
0.04400755157554473,0.04401536786232915,0.023651867628255996,nan,0.024034022979429248,0.026660217138322784,0.03537045214262524
0.0440889505648972,0.04409593726182259,0.023694964847980282,nan,0.0240845207103636,0.026706775703684738,0.035424963569875345
0.0440802727612698,0.044087776373514465,0.02336362860989971,nan,0.023796527585213556,0.026434373241789433,0.03516535582988645
0.044314338716918644,0.044319453253360314,0.01729877712428829,nan,0.01953981421132145,0.019232483331394157,0.02404433670969308
0.044304829763978815,0.04431002992225708,0.017311725639156172,nan,0.01953678077288079,0.019234045987858606,0.02405493579496576
0.04424283635364837,0.044247948870795945,0.017288133805281602,nan,0.019519980520133817,0.019222698672549332,0.02404337695830505
0.044246673554250576,0.04425166855591864,0.017311591283402095,nan,0.019543345994025962,0.01928642032063277,0.024064069977107083
0.03764630358672799,0.03758144116373127,0.017303171665287276,nan,0.019554723660998086,0.019300525788209733,0.024065825333311253
0.03765062041175357,0.037585527318884315,0.01771730748295075,nan,0.019876966244971594,0.019623907429013654,0.024472119283044824
0.03650603850379011,0.036421159330100455,0.017735045343131972,nan,0.019903801554966183,0.01965098555513689,0.024485764525016607
0.03642824029164424,0.036344604028016675,0.017734895561933084,nan,0.019908668500032922,0.01965604487005823,0.02449338927392697
0.044894416863708764,0.04557856771281493,0.01768133366225444,nan,0.019831606540094082,0.019577721761799283,0.024461954119233242
0.04482313613698452,0.04550751520222571,0.017682157923771036,nan,0.019830430969892454,0.019576974513557333,0.024471403508192102
0.04485090718394655,0.04553443823882722,0.017685285934150308,nan,0.01987068268886638,0.019623004155972512,0.024467568136205764
0.04484940946460986,0.04553297235615811,0.017650986690635584,nan,0.019833535353799836,0.019585244994973938,0.024439298543677435
0.044846006933354055,0.04552976041623796,0.01762516722284424,nan,0.01980325952823614,0.019510365945680674,0.024414601509986422
0.04487475203426464,0.04555783332726887,0.015872817355709223,nan,0.018082560764595024,0.019570407073327356,0.024490808697464783
0.03508017842800121,0.03582000627229337,0.01582154689274673,nan,0.018059269483133855,0.01954437921981489,0.024420058418349155
0.03505856110860461,0.03579911236420186,0.01576142295633054,nan,0.017970576497886137,0.019457531538651485,0.02434890694496139
0.035250284074811344,0.03598966040799409,0.01588037459143543,nan,0.018098669188310934,0.019584205799272003,0.024460341528636187
0.03518012496046449,0.035921772519802,0.015774900850220597,nan,0.01802937825224138,0.019501362271272304,0.026590837158780634
0.03500339859223778,0.035746441727825595,0.021283301516900388,nan,0.021784980364358386,0.024454122864613126,0.032781910468234865
0.03500925891781148,0.035752291147376714,0.021277763396782223,nan,0.02177735233849598,0.024443845390351937,0.03277503238843049
0.03522811120448177,0.035970192251408906,0.021016718116701805,nan,0.02149981509501253,0.024170607651616383,0.03251965187947825
0.03528582103303002,0.03602739744742606,0.021215015301657814,nan,0.02167428258380988,0.024357133929294394,0.03269365313765049
0.035263219908794136,0.03600485565116923,0.021139370749553188,nan,0.021582875978505833,0.02427329693186686,0.032660473128680034
0.03526049276431639,0.03600208517838335,0.02117215688909302,nan,0.021698579725103417,0.024322533423904336,0.03268880360383153
0.035238259036810216,0.035979954506173695,0.021190102932888255,nan,0.021724436300816607,0.02434315571523038,0.032718352830431896
0.0352623139743623,0.03600311785930846,0.021215386860815033,nan,0.02173949914101131,0.0243576056504744,0.03276254190351424
0.03526231397436233,0.03600311785930846,0.021215386860815033,nan,0.02173949914101131,0.0243576056504744,0.03276254190351424
0.035237899903092756,0.035978932823329285,0.021214918156579943,nan,0.021737544938969344,0.024357326619806607,0.03275900883759553
0.035184627016949466,0.03592591626938979,0.020999906396750756,nan,0.021543311028838164,0.0241509561877864,0.03257485426711104
0.035123530510550866,0.035865143011191813,0.02123698370094218,nan,0.021777517034157146,0.024397894006526033,0.032715371806954496
0.03514036465879283,0.03588177359155362,0.02123595034081116,nan,0.021778280638919456,0.024398539479830506,0.03271107387597472
0.035115592091354425,0.03585708803815896,0.021155698782828858,nan,0.021784323363828573,0.024404312320084554,0.032641933972583526
0.03512526084101095,0.035866836390989254,0.021141985925621665,nan,0.021771316344979363,0.024394355027276604,0.032633880069843246
0.03512526084101095,0.035866836390989254,0.021141985925621665,nan,0.021771316344979363,0.024394355027276604,0.032633880069843246
0.03511801314147131,0.035859793181566735,0.02116330935456956,nan,0.021792763440734608,0.02441645467175213,0.03266080095861024
0.03505999286879455,0.03580397270352764,0.021076889656929665,nan,0.02170316100521036,0.02432670261577663,0.0325440423560559
0.035054109044033055,0.03579829360471712,0.021137943088915923,nan,0.021776933706962043,0.02439483596418668,0.03255941675813856
0.03506585965415837,0.03581028145683385,0.021156445416548042,nan,0.021786967425207193,0.024405919742220394,0.032568784130780015
0.03499551791401473,0.03574095514832318,0.02094698351323676,nan,0.02558531757956367,0.026014719304950917,0.032343846789806174
0.03497255064993865,0.035718238885097287,0.020876834002391598,nan,0.025531500872912727,0.02595775982028614,0.032274892327383786
0.0350035327437227,0.03574958879669374,0.024595820957622472,nan,0.026020012833027406,0.02644004563229385,0.036170521854452575
0.03506219041410108,0.03580740753854497,0.02474100640223842,nan,0.022146013439160783,0.02477917866254331,0.036331355916653374
0.03530065283527123,0.036042744041112906,0.02477235637985642,nan,0.022168130139720854,0.02479862423012691,0.03636165456412799
0.03532093994546093,0.036063130794711795,0.024815141434516685,nan,0.022074000993823395,0.024729918234978054,0.03639308013976428
0.035290830754761804,0.036033303249154935,0.024815768588542952,nan,0.022056277747441455,0.024711543109982026,0.03471993503040566
0.03532046299686198,0.03606286804083145,0.021545721411966756,nan,0.019694283311870286,0.022147553476643655,0.03469199115756644
0.03568389917020384,0.03642405533958901,0.021888002578308807,nan,0.020072911943387672,0.022517790547629923,0.03505920597529272
0.035587957252706165,0.03632805832133196,0.01686259734111739,nan,0.019171039503904863,0.01789386564287998,0.02470298128126458
0.03558316276809523,0.03632329238186102,0.01689266020596758,nan,0.019207358157502075,0.017930051794044943,0.024713195283110445
0.03545602836898415,0.0361969321824491,0.016774615472819554,nan,0.019099912018207155,0.01782072434753268,0.024597162548069762
0.035439761318326574,0.03618059819337491,0.016759583900558872,nan,0.01906022498770421,0.01778089953611295,0.02460942222690088
0.035439761318326574,0.03618059819337491,0.016759583900558872,nan,0.01906022498770421,0.01778089953611295,0.02460942222690088
0.03560956916416641,0.03634961642997181,0.016840461407234386,nan,0.019092492705015007,0.01781979249532084,0.024645258944428927
0.03561090983528625,0.03635073487124396,0.01686815028728228,nan,0.019121886842690006,0.017843888936910912,0.024647156016288863
0.03560049675849941,0.03633982162524177,0.017062238162367294,nan,0.019057707082589026,0.018018409364717325,0.02483400011452519
0.03561517823581706,0.036354172504381804,0.017099961636613425,nan,0.019097451542558486,0.0180466999005382,0.02487471542428976
0.035614778789970575,0.036353755805167615,0.017158428589246988,nan,0.019143589073082667,0.01809251980989801,0.024945920257328336
0.035548402048486805,0.03628663173595703,0.012231030875172966,nan,0.013841705127189963,0.012120552196965062,0.011796663305389976
0.03513609655361008,0.035875437567290724,0.012324660723194047,nan,0.01391484970533774,0.012193027924098376,0.01192722739594676
0.03513756254503306,0.035876701238151204,0.012320672342267192,nan,0.013921286305021652,0.012193552641450722,0.011918593800676391
0.03513730789433425,0.035876442191047686,0.012309283233310153,nan,0.013896798792501275,0.012169942582866411,0.011907817064208626
0.03512214703354499,0.035862027756243975,0.012271917270396893,nan,0.013877440382546236,0.012152222200675133,0.01186391466975567
0.03514097335759547,0.03588023808350771,0.012305445908504686,nan,0.013914536579668568,0.012185573810953976,0.011892261450846542
0.03511429039464725,0.035854793213089264,0.012291110341139055,nan,0.013864239718366589,0.012127901955854559,0.011880385825148165
0.035114973196586546,0.035855736289259366,0.012401557831754562,nan,0.014014267610551912,0.012280442963333749,0.011931431379016089
0.03512861567204942,0.03586910435877577,0.004790460790649709,nan,0.009110316602818802,0.00863906258371816,0.006603049251884596
0.03523131315825484,0.03598661632728231,0.004784482629342501,nan,0.009094343951234651,0.008625437451762474,0.006595951310917281
0.035236607477573206,0.03599246465457365,0.0071872375660440024,nan,0.01214708141288734,0.01147160741181319,0.010201455534031623
0.035262698917286145,0.03601826293322044,0.007280171502173971,nan,0.012206906696330622,0.011528215932144814,0.01028054351895058
0.03523688671167019,0.03599249423248371,0.007047446402022706,nan,0.012060134096632869,0.011384348534106192,0.010118012360978756
0.035165917175896955,0.03592367137865157,0.007084818315142294,nan,0.012102457555570822,0.011430081020574634,0.010572681912122572
0.03516163485070167,0.03591926054974334,0.007122461632385835,nan,0.012385012964753583,0.011786965750366418,0.01000679262367854
0.03516579154503591,0.0359235424171806,0.00711063173088311,nan,0.012377464728619003,0.011777464871712273,0.00999771864816379
0.03515469092125861,0.03591218644190364,0.0034971587845022967,nan,0.0005454330733842827,0.00013346589087981364,0.006010792014240041
0.03520906761828724,0.03596552788498725,0.009620766726235686,nan,0.00709968131951999,0.006642062444269792,0.008047000996694087
0.03518036219334622,0.03593734794311426,0.005067995626499511,nan,0.0037880927125968356,0.005216260243690818,0.0075562219310227885
0.03513199572062761,0.03588864294400693,0.00510814640441748,nan,0.003828283684705447,0.0052562736292605106,0.007560877199106697
0.0351411369846589,0.03589712162262665,0.009171701801553911,nan,0.006586717929578101,0.008067266536296636,0.011959121207675172
0.038241480839006636,0.038885351011237634,0.009133501280891299,nan,0.006521910465839276,0.008013320614207675,0.011927550110947593
0.03824356096372203,0.03888740715870362,0.009096973264751562,nan,0.00650012465190164,0.007994969917401562,0.01189460635381645
0.03826904428585562,0.038912204487251495,0.009150206017312756,nan,0.0065686014975552265,0.008062366156817102,0.011959966692704493
0.03828212657203217,0.03892573282050238,0.009069023642123253,nan,0.0064252161947957465,0.0079185392804354,0.011880639090568246
0.03829129446072965,0.03893545998859066,0.007612751665649231,nan,0.006369469096243918,0.00784352409149347,0.01183994737048577
0.02879971403102466,0.028928989693455504,0.007610426591349917,nan,0.006349146928774085,0.007823214911443666,0.011855408725935268
0.02562563036522733,0.02561226862766741,0.007522065060122318,nan,0.006265786668661066,0.007739192525800909,0.011761576603339097
0.025565211000290744,0.025551843222973103,0.006574137681595871,nan,0.00545855062044287,0.007672763294627849,0.011696776345902937
0.025549385608982567,0.025536239789974657,0.00934993255461325,nan,0.014068776252849302,0.01263469559424113,0.012380056446052556
0.025541080319830267,0.025527652304062565,0.009346382694071509,nan,0.014058310001100804,0.01262427129772492,0.012378027610363107
0.025508335044780645,0.025495188575416772,0.009382908789797972,nan,0.014114681223283965,0.01267506038886379,0.012404587829749403
0.02550940502831922,0.025496612418856535,0.00937052714596398,nan,0.014100478960249463,0.01265985005321102,0.01238919091047086
0.025544809709652505,0.02553272646241203,0.009692216174628343,nan,0.014439560589381895,0.012986254924898022,0.012749615910266243
0.025477762531461695,0.025465688340439913,0.013636362795125367,nan,0.017636003474671313,0.014849070629245231,0.014649499512929487
0.025474498393947276,0.02546282331623062,0.013596857102717741,nan,0.017593377386974085,0.014819873732238253,0.014651282238368535
0.025374973384800992,0.02536521826104715,0.013415955228437415,nan,0.018569649087818663,0.014680402071202026,0.014447143394572648
0.025359316179912966,0.025349288758190758,0.01343099932935432,nan,0.01859951518497438,0.014712364102586362,0.0144668501296209
0.03492569057252909,0.035685885307253085,0.01333058163608214,nan,0.018517714716415945,0.01462604950784896,0.014411138059002515
0.03491622702058528,0.03567644909494175,0.01333017778219836,nan,0.018513766216074146,0.014621849766344286,0.014408050539108541
0.034778180640459205,0.035539105366929,0.019929046984729748,nan,0.022945819936878442,0.0205752489088995,0.016022018048251097
0.03485195601227106,0.035613092988466266,0.019911188018044368,nan,0.023008544865824987,0.02064051976739667,0.016016168137518716
0.03502880430998448,0.035788607747132245,0.020007492451670994,nan,0.023111540683106557,0.020744417190518893,0.016151343233236526
0.02919271032678722,0.029966013255680685,0.020100375898885914,nan,0.023225909061596217,0.020853583895095396,0.016292827133393972
0.029241381833792296,0.03001468737777127,0.02113940530649261,nan,0.023284765185907552,0.02091243777258467,0.017060349814266407
0.029527354193557398,0.030299383260003337,0.02113342548156938,nan,0.023295385578244232,0.020909967803800056,0.01709629477279706
0.029527354193557398,0.030299383260003337,0.02113342548156938,nan,0.023295385578244232,0.020909967803800056,0.01709629477279706
0.02815531120475054,0.028971904650814312,0.02128606305750791,nan,0.02346533623439412,0.021078926613838922,0.01725830832321773
0.02815477241827688,0.028971605637645254,0.021078596957979312,nan,0.02330777976032522,0.020919000807949284,0.017092119989242538
0.028243696037886595,0.029059783670685263,0.020958894488605884,nan,0.023156541729544455,0.020770255883668542,0.016974887031621644
0.02830383313527912,0.029119612056769495,0.01263795374965837,nan,0.019642958158839097,0.015543752583073833,0.016856800740825073
0.028356286634886235,0.02917216706889264,0.015862773322737,nan,0.023057942606910575,0.020669002838862416,0.018997135167930557
0.028526315931356433,0.029342913290530293,0.01617092827585931,nan,0.023316907478764748,0.02092387900319448,0.019233832701831655
0.028420264199148643,0.02923735928319368,0.006069217765108159,nan,0.014176026548378684,0.01308314053436166,0.014250907614361985
0.02868912897858278,0.029504878629257436,0.007525661036314468,nan,0.014711532277891237,0.013306018076714277,0.015987480564883638
0.028688587928975162,0.029504402605988633,0.0075645382098384895,nan,0.012872996554092353,0.01333388094743937,0.01600611526518847
0.02867813361165067,0.029494346259324927,0.00748175797758166,nan,0.012799167626270647,0.013260808445263006,0.01595039292400524
0.028644256656449624,0.02946049312545493,0.007473265290562359,nan,0.012779884013451204,0.013242642553524697,0.01594543153901884
0.02864236350395119,0.029458575640935653,0.010406595766132676,nan,0.015948337330922824,0.01582140096772211,0.019026598200546085
0.02859612965148997,0.029412627364666072,0.00950302255185409,nan,0.011029930644616437,0.012124323513336144,0.013573286558142494
0.028596018645043325,0.02941210608127809,0.009385179934542465,nan,0.010921416155798225,0.012041718922617628,0.013475513500102232
0.028596018645043325,0.02941210608127809,0.009385179934542465,nan,0.010921416155798225,0.012041718922617628,0.013475513500102232
0.028357679739567765,0.029175166543357556,0.009337522085642092,nan,0.010869272027125398,0.011997474370768701,0.013392538282598343
0.02838124607273157,0.029198695826527232,0.009310140975978376,nan,0.010834531244873546,0.011967565104178401,0.013367373583352826
0.028385444724717074,0.029203748307878835,0.00961140112989367,nan,0.011143886880415566,0.012272099824304439,0.01370312420831532
0.028391881011200992,0.029209299609284728,0.009404229162179867,nan,0.010939508227489347,0.012072748801140842,0.013499571184724557
0.028392840105885636,0.02920997040262885,0.009584366582386261,nan,0.011097696360625409,0.012233719984419134,0.013648365583175726
0.028387581044279492,0.029204683258755,0.00799980449004345,nan,0.007630464757574007,0.008938205695705692,0.006557835099064713
0.028234585981424143,0.02905111791086809,0.007977629092148941,nan,0.007587448440065869,0.008896279208669533,0.006520740736862263
0.028121567328011632,0.02893770230983525,0.008680422362798645,nan,0.0070659165309647776,0.007551989372318713,0.013955786644922696
0.028086193189386155,0.02890178165510679,0.00869879606259838,nan,0.007078043684797697,0.00756379901219284,0.01397655247704599
0.02800681669415553,0.028821702651313147,0.008720643297403408,nan,0.007082809111631727,0.00757415412854856,0.013992094370475772
0.027981156743173058,0.028796384428818572,0.008762827814048024,nan,0.007701102119302861,0.007571975858183921,0.013992196171048965
0.027944542684297052,0.02876021866872336,0.008767899882459407,nan,0.00772374613675697,0.007597952428633925,0.013999848000394333
0.027944542684297052,0.02876021866872336,0.008767899882459407,nan,0.00772374613675697,0.007597952428633925,0.013999848000394333
0.027985582762826172,0.02880156502125447,0.008741628092741816,nan,0.007707848696733799,0.0075780232083467736,0.013976425377195456
0.027973040490144596,0.02878906695910574,0.008706496253691132,nan,0.007706577938011661,0.007577570446560156,0.013956523798267284
0.027914398317634953,0.028731465468875478,0.008705175283555189,nan,0.007646189115773416,0.00754142274820091,0.013900451624416665
0.027936101089940213,0.0287531626807139,0.008825495063599753,nan,0.007761244011899038,0.007659371693365835,0.01400203925537824
0.027957277942583764,0.02877425925828711,0.008760884846136352,nan,0.007688221367076475,0.007587468056339697,0.013958690802562512
0.028856817742226815,0.0296644473309485,0.008717320436496756,nan,0.007527545892982546,0.007155462769801724,0.013915505844646292
0.028892013270542916,0.029699968368937874,0.008769708923297537,nan,0.006578746877412667,0.005187969199255571,0.006771711146995152
0.03687444115958549,0.037217901935948594,0.008595062653908081,nan,0.0063688422648253695,0.004983923555405001,0.006618254280316926
0.03674095365038188,0.037086197248530905,0.011851348868398337,nan,0.008753252215964125,0.006809380147200672,0.01363726324799397
0.036762277880575844,0.037107579084557835,0.011860922946888341,nan,0.008781420494434755,0.006839347263288831,0.013659244278758975
0.03680296852291218,0.03714880445285498,0.011841532447492753,nan,0.008731842583352911,0.0067884919581903125,0.013651419444167923
0.0367791261844668,0.037124422826925574,0.011869839299119334,nan,0.008754328915739351,0.0068168044061439614,0.013673342247063736
0.036800981931813304,0.03714638356350483,0.011800891782461242,nan,0.008659049915495709,0.006706667531370392,0.013596010720151375
0.036800981931813304,0.03714638356350483,0.011800891782461242,nan,0.008659049915495709,0.006706667531370392,0.013596010720151375
0.03679446526895219,0.037139374001331465,0.011796285176448484,nan,0.00864140133947,0.006690163733087728,0.013590123408465438
0.02898610853368444,0.029793634785036882,0.011993517467841386,nan,0.00887456916218865,0.0069185117093191195,0.013772082330692825
0.028984379553029904,0.02979182733079383,0.01086154865097777,nan,0.006975734875241835,0.006912272232460492,0.013818105683820914
0.028902101471415892,0.02970838056751876,0.010757392776544528,nan,0.006868316343893399,0.006810727676175743,0.013634260002419296
0.028897124535924218,0.029703217343518273,0.010557987092913557,nan,0.006651600699285942,0.0066027085670608,0.013431361953141097
0.02864437064446529,0.02945221266249648,0.010496400483788748,nan,0.006599255845309071,0.006555984631581913,0.01334197813712068
0.028689190537001336,0.029495846244202373,0.010603183454792386,nan,0.006718472810308684,0.006661986018017596,0.013438293144011126
0.028653153646741814,0.029459732808468253,0.010516197549215511,nan,0.006618235115202431,0.00655992793097937,0.013345410755507658
0.02865984179174369,0.029466578148242023,0.010514084403833723,nan,0.006615768367256303,0.00655618828341531,0.013337529286358007
0.02859529392210028,0.029403522521584402,0.010370198990923729,nan,0.0064628818288621215,0.0064171523949091425,0.01320910472251402
0.028608868187813746,0.029417618489801012,0.01042303524058541,nan,0.006520396893252567,0.006482359585919584,0.013263676007485237
0.028336135634486226,0.029145908032838258,0.00839890947939348,nan,0.005595609313847838,0.006341840505357688,0.011008127436975434
0.028322011855835605,0.029131901785818926,0.008300962022092628,nan,0.00550116598177075,0.006244828560317939,0.010925289001389782
0.028336004150905342,0.02914594836672285,0.008285697654877189,nan,0.005477855902639717,0.006222124415287911,0.010912159147416944
0.028336004150905342,0.02914594836672285,0.008285697654877189,nan,0.005477855902639717,0.006222124415287911,0.010912159147416944
0.0281971755445114,0.029007530211450805,0.007256499713463871,nan,0.004998686957756515,0.004411799161669672,0.011068546234743959
0.02816887019152367,0.028978216669265533,0.007234332498972429,nan,0.004973732936412123,0.004389841397271166,0.01107404679771573
0.02824747171229869,0.029057262715306592,0.007323017122720432,nan,0.005036705074041969,0.00446114782757967,0.011180884395871171
0.028238255456534106,0.02904818298319642,0.009660615027466957,nan,0.007486297375528639,0.006891583197671691,0.0211143105173055
0.02839767249247213,0.029208539447426407,0.009567840598803556,nan,0.007429082144279731,0.006809207954288743,0.021025075442440477
0.02839767249247213,0.029208539447426407,0.009567840598803556,nan,0.007429082144279731,0.006809207954288743,0.021025075442440366
0.028473376571365977,0.029285333084343057,0.009610533192906612,nan,0.0074522762854581925,0.006825124172179509,0.021101412251134932
0.028471353608482824,0.029283433905764655,0.009141992475526162,nan,0.007154847793220176,0.006555859184150137,0.02072409626828875
0.028606910032190014,0.02941754703571281,0.007125608384212945,nan,0.006022623519462922,0.006449523789511025,0.016111705746217453
0.02870341581099828,0.029515405745167367,0.0072996319999337755,nan,0.006239598627394427,0.006664671590411841,0.016391670843769468
0.032553695622056344,0.033259166630669024,0.0072506008520074605,nan,0.006157126917993194,0.006582398579662585,0.016345633730641573
0.03259700159401216,0.03330185483095338,0.007057993007631547,nan,0.00601830736749287,0.006420782476408093,0.016208116780703996
0.03266507436157834,0.03336902565605798,0.007084102947907067,nan,0.0060827040653224085,0.007219242160144579,0.01625150111479945
0.032626079619751225,0.03333060121957254,0.007376554723671935,nan,0.007081255137548315,0.007200857507736469,0.01694320646565539
0.03270261216857373,0.03340689179773215,0.007450446531572119,nan,0.007160927332884537,0.007284391336883411,0.017011627868511292
0.03277057051450746,0.03347401487013599,0.009817552960529663,nan,0.007283467196910864,0.0076385765434214825,0.017092041912787348
0.03278572115257514,0.0334893138147237,0.00978037477468141,nan,0.007220286057894265,0.007572869241663671,0.017057463025195507
0.032700892688153266,0.03340507380330526,0.009801659314455535,nan,0.00722885947045826,0.007579394203354184,0.017071589784187546
0.03271110443254127,0.033415301456432955,0.009826481206533733,nan,0.007254368421933499,0.007606779182126933,0.017097688232929786
0.0327319874825753,0.033436374121752044,0.009857219961840191,nan,0.007246390476726927,0.007597989477004963,0.01710376248621881
0.0327319874825753,0.033436374121752044,0.009857219961840191,nan,0.007246390476726927,0.007597989477004963,0.01710376248621881
0.032630672767557045,0.03333501572769726,0.007560982842163555,nan,0.007179405286555363,0.007292290234236387,0.01703332952809966
0.032670117395124265,0.03337506184257297,0.007622667543313755,nan,0.007231321752303677,0.007339465346644758,0.017061538278594357
0.03263780989835563,0.03334261535166841,0.007739466332207234,nan,0.007357515134474024,0.007482872822102027,0.01719050606697703
0.03268782109833587,0.033392219956627306,0.008084293558008993,nan,0.007720384339785946,0.007837669247639178,0.02452552879872605
0.03268264662983328,0.03338744523178555,0.008149703901071947,nan,0.007761665894063796,0.007898201860425003,0.024581988397639365
0.03261839729844518,0.03332385096326945,0.008135517906069256,nan,0.007753163683054565,0.007891802283921834,0.02455454512107247
0.032623539970793564,0.03332884888760948,0.008109973722505548,nan,0.007723398438764684,0.007862197863845344,0.02453330170655965
0.03258186230306093,0.033287261174197114,0.00806045979174641,nan,0.007673599943534004,0.007809273045888188,0.024483992719115277
0.03258186230306093,0.033287261174197114,0.00806045979174641,nan,0.007673599943534004,0.007809273045888188,0.024483992719115277
0.03266966803071453,0.03337468557831802,0.008120382257137182,nan,0.00776727349740336,0.007899023702170216,0.02455150064871059
0.03266966803071453,0.03337468557831802,0.008120382257137182,nan,0.00776727349740336,0.007899023702170216,0.02455150064871059
0.03245178397668719,0.03315834615627486,0.008048857535810194,nan,0.00903043261951042,0.010915015593405464,0.025530458834686187
0.03244313782165548,0.03314971050976581,0.008136833356097384,nan,0.009118377463060767,0.010983974734792401,0.025624850215183792
0.03244313782165548,0.03314971050976581,0.008136833356097384,nan,0.009118377463060767,0.010983974734792401,0.025624850215183792
0.0324710349185561,0.033177741712526854,0.007537476390550024,nan,0.008656321414766133,0.010529418358265263,0.025274423779579225
0.032468015694447044,0.03317467095913407,0.007541338126459518,nan,0.008660328042161325,0.010534698236849827,0.025277352102482387
0.03244740992952508,0.03315362393147231,0.00631693325711169,nan,0.00677625865706033,0.0069023695837509,0.016700975237639692
0.032490452602928876,0.033196121372963405,0.006275475792333118,nan,0.0067316749472154935,0.006858760499865113,0.016676219854891206
0.032503291246005345,0.03320895072313701,0.006304870481600777,nan,0.006800589009604563,0.0069242681109419335,0.016660278021312314
0.032225549997364766,0.03293044075273946,0.005657469957262684,nan,0.007040653124159357,0.007135866894925957,0.01689433961510267
0.03220011485968893,0.03290563829631016,0.005236003957336699,nan,-0.0007947989988325022,-0.0009095965182321919,0.0036233297918373264
0.032196240469013065,0.03290155635406006,0.005177691712372923,nan,-0.0008588589947341463,-0.0009785515776874476,0.0035728450135581458
0.03207103409969356,0.03277639709893554,0.004932781406553399,nan,-0.001038506704676645,-0.0011552373120916615,0.003383121391779431
0.03206280195480951,0.03276808343542564,0.0048749640690841645,nan,-0.0011109977469994092,-0.0012255289662692626,0.0033038156222915394
0.03210207370553614,0.032807397113692155,0.00486872486043799,nan,-0.0011272387650402838,-0.0012473559791248423,0.0032990267013695007
0.03204271099280398,0.03274879007285306,0.004900173605022151,nan,-0.001095780295815918,-0.0012169713822880457,0.0033202611614269184
0.032038775984653156,0.03274463712991363,0.004894866818890287,nan,-0.001109923183471917,-0.0011953926612214838,0.003331944541719367
0.032098987580917115,0.032805800863983214,0.004842441728722058,nan,-0.00116287570709106,-0.0012439570959565938,0.0032905253634483156
0.032157848791050075,0.032863632933510245,0.00486117607724601,nan,-0.001142141335213398,-0.0012215220309348407,0.0033259547207609153
0.03215351825962348,0.03285938258484489,0.005329114790848077,nan,-0.0011354954050230015,-0.001214451127702243,0.0033260149662204253
0.032145556515542795,0.03285105367394575,0.005329161763938495,nan,-0.001135304893370992,-0.001214071705088804,0.0033317267628645286
0.03225932229401024,0.03296638500095997,0.005937282299679825,nan,-0.0004970229125548231,-0.0005818338135785694,0.003772481172614972
0.0322169563667947,0.03292397148695542,0.005949512927250877,nan,-0.0004835730175106745,-0.0005649147034574309,0.003795274742794952
0.03218967488106034,0.032897044774940265,0.0057016303242458655,nan,-0.0007182219769052978,-0.0007958701107695365,0.0035873883381170035
0.032170329489376204,0.03287781648674193,0.0014171586948394932,nan,-0.009712272651819731,-0.0074768084016200165,-0.007986356998565758
0.034266255224578546,0.03497409611988417,0.0014069767137581124,nan,-0.009721417795710341,-0.007486506890797329,-0.007997504714185033
0.034245334643763725,0.034953016673991255,0.0014311499182362297,nan,-0.009698671199729114,-0.0074637750948375325,-0.007975882811815715
0.034321375909490914,0.035028534504076364,0.001892951098495188,nan,-0.007399664889309321,-0.005212643546374518,-0.007997244365514411
0.03398905461188345,0.0346983510050341,0.0016690844089349843,nan,-0.0028116126934164543,-0.000570765987207511,-0.00823361493931185
0.033829637575945454,0.03453799454080414,0.0017618588375982736,nan,-0.002754397462167546,-0.0004883907438245627,-0.008144379864446827
0.034185574776739974,0.03489341425501713,-0.00039551395943715484,nan,-0.0025035258219195944,-0.0002353616790120583,-0.007879979470531318
0.03417440354166054,0.03488227802158933,-0.0002788876195877199,nan,-0.002352458882195818,-7.543751114247321e-05,-0.007917106826140774
0.03421063342006633,0.03491834095860685,-0.00030457742432554724,nan,-0.002327671803147857,-0.00017565316603640468,-0.012163287676034473
0.034367765751643325,0.035074885385356885,-0.01597154051413996,nan,-0.017012484023929964,-0.015013114084529433,-0.015729221084470835
0.0344588351115232,0.035165636885845786,-0.013044726833382536,nan,-0.013195355037859069,-0.011178046275483688,-0.015674714697433312
0.0344317301418286,0.03513870125648666,-0.005126868768048576,nan,0.0017168939985067189,0.003894164008096501,-0.008124020869405002
0.034460578239368655,0.035167110191543616,-0.005419391737300994,nan,0.0014605025497100854,0.003654304812681586,-0.008317162858326399
0.03434437798277473,0.035049961174935806,-0.005474630533106484,nan,0.00140642225501586,0.0035748829793876835,-0.008414950734840998
0.03434132670564913,0.035046906822952584,-0.005501357201602386,nan,0.0014001472964196848,0.0035677808266610933,-0.008420801715821824
0.034351722160082115,0.035056843341536,-0.005440134696783283,nan,0.0014543680818740468,0.0036197541838144387,-0.008383870134993643
0.034388226821514684,0.0350917247911558,-0.004955781546673643,nan,0.0017232641859372677,0.0038820323140460467,0.00015794474595665076
0.03438372189504005,0.03508742587319433,-0.0049082216279591195,nan,0.0017750974882277948,0.0039324522358383796,0.00020121502131309477
0.0345364350889463,0.03523773708194772,-0.004574596379588014,nan,0.0021423404694551618,0.004299781945650505,0.0005133278183047096
0.0345429401325556,0.035244310093557274,-0.004508984648120995,nan,0.0022194177184263753,0.004375472201554209,0.0005685341260979193
0.03456865223711908,0.0352691172847755,0.005485820582859846,nan,0.005503580289406895,0.009159815996762077,0.0005415433677740111
0.03456303242433581,0.035263316964005476,0.005514338208845726,nan,0.005553325977117329,0.009213193939738296,0.0005935029200863084
0.034574106825883216,0.03527467473072618,0.005505621211332801,nan,0.005551390301914094,0.009215383774746844,0.0005835437223599138
0.03473686242635532,0.03543658372358968,0.00559724841298237,nan,0.004285759574662262,0.006396569046439593,0.0006754173192127233
0.03488581420042561,0.035584988441155485,0.005548008560373963,nan,0.004253829684257249,0.00636652605381649,0.0007015312629597981
0.03473849146348304,0.035436262617305286,0.005232019230212548,nan,0.003898630476804499,0.0060207323703225235,0.001867917370958816
0.034631883677293585,0.035331048370608575,0.004954164242553016,nan,0.00361239177705841,0.005737941112729628,0.0015736923477099873
0.03463459663404281,0.03533454820982393,0.005008478466649646,nan,0.003649308477910007,0.005790103808215097,0.001624793032253935
0.03461969038224311,0.035319771435527,0.0051644614491695995,nan,0.00382076279448329,0.005949512015263725,0.0012266676515233499
0.045467477702706455,0.04506073030797386,0.005101605374035811,nan,0.0037660309877629583,0.005904072951328554,0.001160312245279571
0.04587325639759693,0.0454648335296223,0.00512939225278497,nan,0.003838146655951613,0.00594793597755372,0.0012477985264170988
0.04611395076574534,0.04570367229153388,0.005289122927737311,nan,0.003994372006754232,0.006102000756685211,0.001419646940595931
0.04579277555071268,0.04535965523490254,0.005177301586487437,nan,0.0039342030626061675,0.006023390381004856,0.0013117223890006802
0.045793534058605395,0.04536007327610403,0.00515265902532791,nan,0.003907503192236095,0.005994679241797973,0.00129778388180668
0.03684312288142408,0.037082205009959346,0.00503926708223168,nan,-0.0009525018813387742,0.0009712446653129536,-0.0002758514656371336
0.03682639552057801,0.037065885042022406,0.004986474557907572,nan,-0.0010090626017472681,0.0009165975267531046,-0.00032826633751370515
0.03682297496047296,0.03706263419831399,0.0050646497103912225,nan,-0.0010042817532719406,0.0009289413399992119,-0.0003023563236385085
0.036739806824765714,0.036979561548753176,0.0047726335889543,nan,-0.0013042013060512447,0.0006297421462473363,-0.0005323100042166073
0.036807405620309985,0.03704605363219521,0.005050212631041329,nan,-0.0010381102089090932,0.0008732862054078305,-0.00025024300015630274
0.036497809188473646,0.036736805100393205,0.00865206008402375,nan,0.003472001705704608,0.005540595148489258,0.007852073616423039
0.03653368208552685,0.03677301790142665,0.008916283931371005,nan,0.00374900419361035,0.005801005054371533,0.0071886740679327765
0.03648284118851894,0.036721312107075826,0.008793344892791266,nan,0.0036439216713273215,0.005694884577127746,0.007084637443820041
0.03633728885592952,0.03657865325863821,0.008698337275215628,nan,0.0035598757622075095,0.005613872554362409,0.006982600339891731
0.0363346468360258,0.03657669014037704,0.008716970697415283,nan,0.0036029784914186624,0.0056547398880446575,0.0070047779739425
0.036350043316830866,0.036591824757449404,0.005383599937631933,nan,0.003901838166714522,0.004865865613800979,0.0038561364949822874
0.032429001707536986,0.0326894609588545,0.005733454684452521,nan,0.004195301318078548,0.005149452570618607,0.00420724119588578
0.03243966462522113,0.03269966283295414,0.01019011833012129,nan,0.00441461546875499,0.006356273520937594,0.007732453740003198
0.032421112586278056,0.03268163241499758,0.010008978734778351,nan,0.0042048832716010676,0.006121381669368153,0.007650737701648036
0.0324295020360498,0.032690109203258905,0.010032922532771105,nan,0.004232412423324394,0.006147776218675571,0.007681940051040503
0.032606453783991324,0.032866506645286814,0.00983988409569092,nan,0.0035590663421952717,0.005877808004880802,0.007475693990899646
0.03257141633488525,0.0328320247346279,0.009477713236179408,nan,0.0031721639675702518,0.005559672329249921,0.00721153695511767
0.03987456187679955,0.03971777229746612,0.009844741393931322,nan,0.0037195253507900095,0.0061098940490554865,0.007556345440700052
0.039910340640476744,0.03975368757186623,0.009821663759602473,nan,0.003694213328468754,0.006085969886048925,0.007533539329032668
0.03991764749937615,0.039761291342599564,0.009800830259765192,nan,0.003679322662959672,0.006078636288302186,0.007506420381138579
0.03990902114598746,0.03975269164601472,0.00990327637149302,nan,0.003865139314755628,0.006267594930936982,0.007608905520461784
0.039833761123724665,0.0396783080049449,0.013912176051669833,nan,0.009690932448459422,0.012152943731020605,0.015263226666114016
0.039796981131675124,0.03964035262362131,0.013913101667081929,nan,0.009681219592479029,0.012143423481397964,0.015264011574078529
0.03968020492208077,0.03952383086156408,0.01391664769224521,nan,0.00968475429797655,0.012150059788006207,0.01526010458818916
0.0396588058683405,0.03950241854486777,0.013908510086083292,nan,0.009667973962290022,0.012133357733334349,0.01524723671347028
0.03968419836283699,0.0395276756354378,0.013944555323361252,nan,0.009695866937209807,0.012160272909960135,0.015290830175369363
0.039673490860160976,0.039516362338583216,0.013986658296596066,nan,0.009745028015878954,0.012201910218972656,0.015342099989569924
0.0397382781042262,0.03958099918561722,0.014215209662889028,nan,0.010029532946711828,0.012495911525057246,0.015524738925434711
0.039805205790525405,0.039647402318034874,0.014051697993638479,nan,0.009868262923654059,0.012333397495269183,0.015359195543929838
0.03091251888309207,0.03045990409157104,0.013831202618938665,nan,0.009576791398902551,0.012065764974953708,0.015132680106289986
0.039690131738468304,0.0395834354361998,0.01409186006207519,nan,0.009834417916088078,0.012306576605412123,0.0153848353218905
0.028868760244438796,0.02876989363742033,0.014106104234326677,nan,0.009827545184126985,0.012311835316753061,0.015369318018894518
0.028923415376758632,0.02882437960017914,0.014338737882677477,nan,0.00991909082379383,0.012402585529485144,0.015549599300023531
0.028906914322337496,0.0288088481863433,0.012006367605006174,nan,0.004471137744114784,0.007651437485346135,0.014537379218497626
0.028923304453252113,0.02882490821814626,0.011994286039733404,nan,0.0044666677700799795,0.007647945747371709,0.014521510456051212
0.028992961108851523,0.028895509835772326,0.012088561466262582,nan,0.00487957038550646,0.007876606986309098,0.014432824066174632
0.034559349448846005,0.03444588042906638,0.012105750115483427,nan,0.004896494232104698,0.007896986021929897,0.014443039216972986
0.03458193469894991,0.034468848918475736,0.004804376115949527,nan,0.004687144255167475,0.004943546550609357,0.00888952886475447
0.038464716320401604,0.03833634075009465,0.00475306997183278,nan,0.004643452355442612,0.004888451628926815,0.008869432102869168
0.0385033078610868,0.038374422223378224,0.00475718530759639,nan,0.004654666522895701,0.004896648270578452,0.00886926642311947
0.038492892954210656,0.03836364327876335,0.004850461266604489,nan,0.004744012984825741,0.004482256694918085,0.00879244522190159
0.038512376198243936,0.03838259448920717,0.004875443978879956,nan,0.00477124651466343,0.004510889652652672,0.008827286756462716
0.038526912963301796,0.03839693491802193,0.004858199929964835,nan,0.004744436156558507,0.004488136407698851,0.008804124631668353
0.0382712853762244,0.03814222469916692,0.0047214224310220265,nan,0.00591633872704489,0.0074670478428251474,0.008634977321061443
0.03829736390673846,0.03816785541891998,0.00478466368375563,nan,0.006010859715757766,0.007559340460074893,0.008683836517100363
0.03829578702653472,0.03816569470206402,0.0047710438460421,nan,0.0060118477119720515,0.007511063406482665,0.00864430174627795
0.040077841779573325,0.040158661819782365,0.005058098616315565,nan,0.006292497326444324,0.007784721814670714,0.00888582931321924
0.0402453346917265,0.0403240586192824,0.0050755230660946005,nan,0.006285624061285189,0.007778797640510371,0.008919424847207313
0.04084304247030762,0.04091318441735331,0.005105670191701939,nan,0.0058726757126530416,0.00779620809267334,0.008943790155407805
0.02821734730061312,0.02847085589159326,0.0050723499200270306,nan,0.0047599047917383785,0.004437520159489172,0.00900821994397949
0.028259815125948162,0.028513246047669583,0.005054252768229239,nan,0.004775347210701053,0.004456988038572973,0.009031094925006311
0.02824959968294763,0.028502868858734542,0.005106621159968516,nan,0.00481258846113819,0.00450280644708545,0.009061329191717094
0.028249309732056027,0.028503304453125072,0.005121208952040823,nan,0.004836617281884115,0.004518877160429091,0.00908496581682161
0.02819440779439447,0.02844835750732444,0.0051497757695210256,nan,0.004881366114945052,0.004561905327270521,0.009123588381294123
0.02817492398975563,0.028429166979244802,0.012284695980524729,nan,0.00819556394217169,0.006851392997796579,0.009757294171112041
0.028190458402563456,0.0284448843650264,0.012268354549848315,nan,0.008181824006696092,0.0068366049300458975,0.009739537732759818
0.028060918723404993,0.02831460716223455,0.012066965346383962,nan,0.007998697303268631,0.006626377902742786,0.009517604029586568
0.028060777162117467,0.028314474545256152,0.012063311730323156,nan,0.007993839038944461,0.006620086765807276,0.009508159365237301
0.028069220954924506,0.02832300334068988,0.011993315086117673,nan,0.007945919391910028,0.006572812328102029,0.009380247561406985
0.028081813430410968,0.028335138354207673,0.012050384436214645,nan,0.00803403735388497,0.006659585544774083,0.009435057749048625
0.028242013401672705,0.028496536814384632,0.012329362786139941,nan,0.008265459336938674,0.006923913204030074,0.009756254429782674
0.026306071344939702,0.025624797690078055,0.012165819039944736,nan,0.008135502041618614,0.006800278590485487,0.009635876175394742
0.026099824462938015,0.02542124744309343,0.012007145283476017,nan,0.007977503566175104,0.006639081382591616,0.009462895935156923
0.026095632602927743,0.025416913322558327,0.011499041075498484,nan,0.007974162671676388,0.0066339428781524434,0.008935666083437432
0.026109657926316227,0.025430236100439457,0.011560576382437238,nan,0.008055267564735069,0.00671470635451088,0.009001219804447902
0.025999468241653334,0.02532123752729637,0.011580903974943157,nan,0.008111565933256126,0.006767990764862009,0.008992822673501877
0.025998561199948922,0.025321810796360478,0.01151110281700185,nan,0.008036899059994607,0.0066939458332151425,0.008919310590176477
0.026001246792031252,0.025324827826140373,0.011541859985110037,nan,0.008053816445552808,0.006729176273992943,0.008957378786832226
0.02595506368424985,0.025278871688667326,0.011362140511749663,nan,0.00799443058595306,0.006670603861614888,0.008810605819690287
0.025942861808982726,0.025266450071679103,0.011465103928429143,nan,0.006554686500767848,0.006350276446988823,0.007537312637722282
0.025945836246743043,0.0252691661593199,0.011491471457530933,nan,0.0065643453496597726,0.006356590329617329,0.007549163046172369
0.02575176509358537,0.025073251110257183,0.011286942957752344,nan,0.006410822060358701,0.006186898364396787,0.007321066358923489
0.025687693754700147,0.02500841287482869,0.01102468737823148,nan,0.00616120988714286,0.005939537049185373,0.0071252246159035915
0.025724763268113515,0.025044829579782074,0.01124364914430187,nan,0.009429118913171775,0.009504344401794373,0.012432915156116442
0.025539009547982577,0.024859514624223922,0.011184147704933922,nan,0.009330995673434872,0.0094096536690631,0.012342620849873809
0.025581166880104533,0.024901776440262202,0.011512169883027945,nan,0.00954552665455366,0.00962313450489416,0.012596966377646068
0.025619055334612784,0.024939446800577997,0.011673677213817735,nan,0.009753025957371375,0.009824295878728129,0.012709356605019706
0.021689778443241353,0.02196493918686568,0.011635704469821428,nan,0.009705010651501533,0.00978036869159904,0.012679162919450704
0.021694116107120798,0.021969469467859076,0.011614370014906172,nan,0.009683414688620773,0.009766614393999618,0.012656001042658849
0.021717494393613396,0.021993057952483047,0.011607251031094612,nan,0.009654558427239057,0.0097339601211347,0.012649169350730793
0.021709128739395345,0.021985353412652675,0.00324447386231852,nan,0.004344346068104299,0.007265774285330817,0.012282406558158598
0.02172283674869835,0.021998697423661034,0.0031143830725068877,nan,0.004205894597049786,0.007126468679154674,0.01215075993129544
0.021728075409753383,0.022003909946938793,0.0038544895372556454,nan,0.00418718477006208,0.007399291295937083,0.01286266885089582
0.02169128635957293,0.02196750518560267,0.003853859457539799,nan,0.0041859660531111675,0.00739694959514392,0.012851263144530556
0.021692968677960445,0.021969073147370233,0.0034455443868237623,nan,0.0032319645355967097,0.0038829854508537487,0.008984435203891472
0.021560075256178285,0.021836384734859715,0.0034426995077304623,nan,0.0032200896228276044,0.0038699614236478164,0.008961826594750755
0.021518461266944233,0.021794383341057294,0.0034149527956609527,nan,0.003191540065491716,0.00384454507845855,0.008933812573959421
0.021580558100814856,0.021854302462546105,5.002806789478065e-05,nan,0.0007221154245998784,0.003063940142978727,0.006224917115229989
0.02160980082330502,0.021883081841891056,9.988177222874928e-05,nan,0.000773443020931297,0.003049568936911884,0.006134411915403093
0.021628993042552336,0.021902418352716696,5.167770747693812e-05,nan,0.0007288829506204575,0.003008334749102448,0.00609531924688711
0.02162729547671055,0.02190135466870996,4.970129608961038e-05,nan,0.000727080485233289,0.003009461381212497,0.0060986789652148765
0.021556237213172152,0.021830846306340718,4.005091597703014e-06,nan,0.0006829180828757941,0.0029711444853502966,0.00604320477547482
0.02775557097347872,0.0274413039165724,-0.0002596726302982466,nan,0.0018299542737344465,0.0037587139492271104,0.0057280197628252205
0.027537042201392553,0.02722389235199274,-0.00042401974382422214,nan,0.0016793216191122173,0.006394164171823813,0.009553551641240943
0.027459845995909005,0.02714716637294548,-0.0007589909625386193,nan,0.0013210962276073435,0.006050486132038957,0.009224124039544201
0.027507302451249133,0.027193819844016726,-0.0005949122536115237,nan,0.0010214946006267267,0.005570508793665274,0.009343182833871255
0.02752476407261431,0.027211764340079214,-0.0003925330121422599,nan,0.0012123238868565478,0.005762863055816414,0.009517461332347099
0.02759097890834933,0.02727861075123783,-0.00029199362451381994,nan,0.0013127056659757441,0.0058765750394111915,0.00961503393225882
0.027596232238717183,0.02728380531119734,0.002733791262830132,nan,0.0012369886059171442,0.005800460349341896,0.009657544731725087
0.027985326874966437,0.027670721755402805,0.003030328302919272,nan,0.0015487010049887173,0.006112687540008155,0.009975952369485896
0.02795279440623899,0.027638328850075167,0.002828168466808223,nan,0.001354299205757692,0.005919288258208644,0.009807421418069784
0.027987294326820122,0.027671322616233368,0.002735095041762614,nan,0.0012798531978677197,0.005835860715793784,0.009729626340623576
0.0279294691114384,0.027614297792982773,0.002710800003164371,nan,0.0012832773406958875,0.005835778619170173,0.009709770016441688
0.027811613137015523,0.027497991129413785,0.0025071078405249914,nan,0.0010244562304253524,0.00557788898754219,0.00954919568817758
0.027734825507105293,0.027422686278299746,0.002272317463648199,nan,0.0008140914756629147,0.005379598150386022,0.009342222793746413
0.028009186543049236,0.027747142702168576,0.0023506147424530166,nan,0.0008757939699332029,0.005443552566664289,0.009402234175738378
0.02797693892028047,0.027715234200687472,0.002447581813605604,nan,0.0009430314811431639,0.0055005622266367515,0.009473779235282032
0.027982297048604138,0.027720595902190698,0.0024431417347903217,nan,0.0009284802489857302,0.0054882431542899734,0.009467860264229189
0.0280551988832424,0.02779239601261363,0.0024647308218339603,nan,0.0009457469870282065,0.005504628955628199,0.009506998772133901
0.028017386100574304,0.027753975381468232,0.002264981669485744,nan,0.0007554700487573118,0.005312562977065949,0.009330432226768548
0.02802092558820346,0.0277578237372115,0.0022591023379868735,nan,0.0007483403507614339,0.005305780151825701,0.00932386873235147
0.028064332673922443,0.02780084435770694,0.00226012574817247,nan,0.0007489905282154208,0.005307168221999392,0.009335601512498903
0.028115448756984573,0.02785223127758818,0.00236719758343118,nan,0.0008591179704268148,0.005419372947096379,0.00945137761402326
0.028055108909434606,0.027793956235515532,0.002298180134445049,nan,0.0008081194443497752,0.005367636093720041,0.009367017482352913
0.028088767180825897,0.027826551214743228,0.010358767097616406,nan,0.010307247452428836,0.011884153434575162,0.011386173325655724
0.028248924599562075,0.027984322862453614,0.010406183547837511,nan,0.010374771730516485,0.01194707349335078,0.011412748960818675
0.02842527839839995,0.02815925779327272,0.010503712945994281,nan,0.010483355297605468,0.012051000147303204,0.011504227751553908
0.023402530213864764,0.022785779162243475,0.010740454318559411,nan,0.010687938318828527,0.01224614789650802,0.011665771163591687
0.023221300705285025,0.022605116649021706,0.014218800885110405,nan,0.02145386774102387,0.01920508855661085,0.015857540654102387
0.023214411202777285,0.022598571536600665,0.014219214441441697,nan,0.02145443161951699,0.01921445801232391,0.015867423025612504
0.02324772823263338,0.02263136309076752,0.014261426683434997,nan,0.02193085132280942,0.01993579185033345,0.01591523173843612
0.023209755657866593,0.022593415595104804,0.014156280628448314,nan,0.021786202446775982,0.021752055133133608,0.01581602627529366
0.02310754855385394,0.02249109564008797,0.014171952235984553,nan,0.02180590667003579,0.02177437472750199,0.015825545968431554
0.023098826011530765,0.022482484370203587,0.014258832761971152,nan,0.021889882195678667,0.021859513831255617,0.015890911598767765
0.023436427749788102,0.022820293301128863,0.011003839130826143,nan,0.01303626484188658,0.013750554974540696,0.010714656532216704
0.02325283547481999,0.022638732054102606,0.01390597920941683,nan,0.013996262271495197,0.01355565357238575,0.013534032719171973
0.023321984974826016,0.022708179961010433,0.013841702982556714,nan,0.014035933771938791,0.013594190588741895,0.013490097353340169
0.023314926136889957,0.02270223651421993,0.013791766043059983,nan,0.013990860013549877,0.013550222878683793,0.013445507289003844
0.023267240366540876,0.022654293790521057,0.014500290343439137,nan,0.013468342368337938,0.01302226961711761,0.0119052496508113
0.028347257526220138,0.028086126571248787,0.014570043343499872,nan,0.01354609011815866,0.013092819181752646,0.011965018474493494
0.028353538091298175,0.028092139633893787,0.014653453095294755,nan,0.013648992157808681,0.01319124068474653,0.012071465525624991
0.028359969108841032,0.028098803830010982,0.014663811072665012,nan,0.012873349295313363,0.013197382316884498,0.012092023120313655
0.028343723211321975,0.028082758865935725,0.014703910357507288,nan,0.012906629032291006,0.01322865595265732,0.012128324538850155
0.028376861521946434,0.028115577516844292,0.010218215989263757,nan,0.004715986269632655,0.007665098283110017,0.005441641489857041
0.028467041331299292,0.028205530521401984,0.01023692215388472,nan,0.00473567705447997,0.00768512817562228,0.005486117756726583
0.02969061920931776,0.028206479150729435,0.010072849200475353,nan,0.004496581586804327,0.007448040257988731,0.00536679342861035
0.02561386332094262,0.02499435042105491,0.01531544156043041,nan,0.01236163729105022,0.011781804572713384,0.014385414499296978
0.025589369219727348,0.024969937435745687,0.015550788008067418,nan,0.012498558802203852,0.011922705517954046,0.014557789058898929
0.02554545559062471,0.02492735195540144,0.01548225436694639,nan,0.013203289120229389,0.01184929899646825,0.014477727683478325
0.025550550153976365,0.02493205878418428,0.01237587041193755,nan,0.012094431933884264,0.010192891390302328,0.013637426814645304
0.025828439313816676,0.02520596850665871,0.012732731313486734,nan,0.012563042816635783,0.01065842552825036,0.013912703335087206
0.025791408975562535,0.0251688146208269,0.012399408191844374,nan,0.012299738206884903,0.010376315574755712,0.013574139426525633
0.025770169705455342,0.025147988031798768,0.012340391307980259,nan,0.012246560895182834,0.01031978061339589,0.013513108983800426
0.025790990423074256,0.0251690443314522,0.012401742335288235,nan,0.010855881335791184,0.008694004615669715,0.013439077305219094
0.025726329062472825,0.025104101803111428,0.01239234852757043,nan,0.010837932451402299,0.008676838742379012,0.013424735212982264
0.025755571439645297,0.025132724610098467,0.012457553918120534,nan,0.015664861896473536,0.012236056180239707,0.024153255005404883
0.025763133894227713,0.025140341759220447,0.012488961682032063,nan,0.015697505900408637,0.012267845136317401,0.0241780344078647
0.025799992067024213,0.025176963743540975,0.012494256733466047,nan,0.015702532816384673,0.01227085658863436,0.024188425312072992
0.025773323657299563,0.025150058201463543,0.012542147459144282,nan,0.01245493957283883,0.00940057399614136,0.020626235654167213
0.027778709788879696,0.027178364035340713,0.01216631061391793,nan,0.01208957365168084,0.00903492934062311,0.02031106541500738
0.023185144236041705,0.0224853147013393,0.011916407933253104,nan,0.01495937393328084,0.008011974386513021,0.01471651729410417
0.023122496723801234,0.02242379990905935,0.01193181337862359,nan,0.014958870803386537,0.008013914582996162,0.014748196515167233
0.023014281225041566,0.02231671147147682,0.011906686147492795,nan,0.014941526573131969,0.00799719774887242,0.014702505923601894
0.02316212961168515,0.02246522246651475,0.011958485268200647,nan,0.01497920453573609,0.008040969083950689,0.014750991542684888
0.023258056711849523,0.022559898327565803,0.012043412555520328,nan,0.015072633773369537,0.008135738215008348,0.014808020761094887
0.02319189931933946,0.022494134819141226,0.011393528627605565,nan,0.015023810626873302,0.008088556100379729,0.014776419144163944
0.0274736494263893,0.026728415140667983,0.011411229449825533,nan,0.008767164600597788,0.005325621514971957,0.010474753104033119
0.027477815188255844,0.02673246172027291,0.011391540459862681,nan,0.008759555515697182,0.005316442577401048,0.010456565531355544
0.027429962081456843,0.026684522749265138,0.011415246495728892,nan,0.008768406464290335,0.00532459148776232,0.010468185198933666
0.027380744314090294,0.026635782791032236,0.011441372881360934,nan,0.008813385446127864,0.00536472425158796,0.010478111337776763
0.027212337368118317,0.026466661421126136,0.011405590961930279,nan,0.008794179390512635,0.005335564674373239,0.010444728698685513
0.027265653487590552,0.026520650297999604,0.011457134329805996,nan,0.008858539075541572,0.005397316074656877,0.010560656849334382
0.02732890847460212,0.026581741459342112,0.011546887044579957,nan,0.00894333346769205,0.005475868010261564,0.010657452408355694
0.02751112951815346,0.02676187668858393,0.011752566934054132,nan,0.009172591237105676,0.005695795665791037,0.010847891609430782
0.0275374174489533,0.026787911981419388,0.01184793013111518,nan,0.009260417451814162,0.005783679831923849,0.010906696907213687
0.027601580101731304,0.02685120487043524,0.011755665421473771,nan,0.009153610444543991,0.005676594668894586,0.010796072525538047
0.027616920812355866,0.0268661105774467,0.0117516210127806,nan,0.009121621650867828,0.005645543385564666,0.01079133813610389
0.027598816130915305,0.026848489783467988,0.011746035456402182,nan,0.009151017370783276,0.005671132997179806,0.010780016157754257
0.027475741527157732,0.026726515189631178,0.01134086423895242,nan,0.008642253709885805,0.005173749798086602,0.010348579979759354
0.022088657727161204,0.021622222036757482,0.011252816100591145,nan,0.008528383152589414,0.005079753096834061,0.010405203209655878
0.02190641120056039,0.021441865454787795,0.01088188611279517,nan,0.006486453240817092,0.004711047068922558,0.008267352622236102
0.021903390311290682,0.02143898644350989,0.01079312169956348,nan,0.004551554448430695,0.0018510096984950541,0.005997481621143219
0.021887755150629074,0.02142360555842454,0.010789009061130117,nan,0.007046441553956506,0.004228339900328115,0.007279571131774687
0.021887755150629074,0.02142360555842454,0.010789009061130117,nan,0.007046441553956506,0.004228339900328115,0.007279571131774687
0.021896205657548795,0.021432030816968622,0.01071678055445291,nan,0.006961102903219718,0.004147861193874891,0.007228934415194899
0.021940296649353874,0.021474915862495836,0.010709208125992853,nan,0.006905762731588827,0.004098562982306153,0.007232477889296929
0.02198546175813032,0.02151920729717824,0.002510848654377673,nan,0.0022210725361982986,0.0035578078382048073,0.007304400057852711
0.022063906698221503,0.021597457990685687,0.0025336308440359057,nan,0.002284060413409339,0.0036300419398568318,0.007357521839009062
0.031092904903656376,0.030558488536219813,0.0036528783340578075,nan,0.0033709371957374445,0.0047084587662609145,0.008146848627618386
0.03112363295613574,0.03059016513641158,0.003729198306484771,nan,0.0034507793776649143,0.004797137603268942,0.008225991239211305
0.031139268116797375,0.0306055460214969,0.0037333109449181334,nan,0.0034638547758643057,0.0030209498826995196,0.006943901728579838
0.031135565681827015,0.03060195670440788,0.0036547832152482584,nan,0.0034126040544588676,0.002954277946219497,0.006897554523689342
0.031103924818507295,0.03057055528548472,0.0037402630804727055,nan,0.002975559373269321,0.002499785543321087,0.006999316983447579
0.031084788665137003,0.03055406433342306,0.003359199974996563,nan,0.0026002438318730725,0.002135825180571538,0.006616918927479509
0.021090246090038955,0.0205791307721806,0.003304003057979843,nan,0.00254024171483469,0.0020813022607663045,0.006562143565363665
0.015297174290630988,0.014352746612069228,0.002550502089864737,nan,0.0018274291228982387,0.0013751916526907326,0.005998988978118014
0.015294875540047714,0.014349597352424082,0.002521597571232048,nan,0.0017899489730281992,0.001334597022598527,0.005960320882544612
0.02099830488489307,0.02048564854590823,0.0024977460081853087,nan,0.001751503374740504,0.001290354182511999,0.0059059964615805205
0.02105068704752161,0.020538956478773296,0.003162835129884689,nan,0.0023938637986274935,0.001926649425292748,0.009705846177695987
0.031372832121916355,0.03193013155484051,0.003243948134342811,nan,0.0024450996233121858,0.0019769217924889837,0.009717726304737995
0.028568553903223826,0.028269124226467268,0.0032063749401936015,nan,0.003595620475021155,0.004272135141849098,0.010143779057738334
0.028432994235996212,0.028134273849324848,0.0031502687462722223,nan,0.0035265349901351106,0.0042047812392622674,0.010381437294172513
0.030827257515119555,0.031258644068359376,0.01222635223975066,nan,0.010123734096900261,0.0066521630886100525,0.012729731898902252
0.030662667636841945,0.03111532184650223,0.013425274001687915,nan,0.01010201183381576,0.006629635403335388,0.012709459745942842
0.03066505456278454,0.031117363945948162,0.013427801287164587,nan,0.010110476210125952,0.006628161168828806,0.012693912027195942
0.030692011620860188,0.031143816707171645,0.013592575017805308,nan,0.010293125534917236,0.006799156734534573,0.01287148520948378
0.030684359509636938,0.031137072110584363,0.01360645886931644,nan,0.010294833282153193,0.006824768264875991,0.01292075727297004
0.024892749010950288,0.025222170250999487,0.01363883430784707,nan,0.010358714636100053,0.0068832229372203235,0.012951361041028453
0.024797318248143185,0.02512778454582501,0.01360401267753586,nan,0.010312732136160352,0.00683430068380364,0.012885749452433148
0.02480629406535184,0.025137042036149138,0.013654576698733378,nan,0.010359036059445548,0.006563272726187175,0.012548451626330892
0.024891246014657475,0.025221940652674635,0.013865685725891308,nan,0.01052587107973435,0.006715451112179194,0.012637928650319763
0.02498892660412974,0.02531955673827238,0.013625942833839999,nan,0.010258503338743563,0.006453594245300787,0.012474712155612355
0.024930331014563906,0.025261310658575953,0.013465254961301354,nan,0.010089789124255288,0.0062894541714324514,0.012334125472304724
0.02528775551234752,0.025614888980939943,0.011745678543399918,nan,0.004957210671522216,0.006508720403086032,0.010509520212934054
0.023065396791939474,0.02337252593615874,0.011717900071578802,nan,0.004926703270718091,0.006475515159513279,0.010454127770187505
0.023170034486341667,0.023476644536254365,0.011702199933138813,nan,0.004911566954332924,0.006459793367350475,0.010450619982793619
0.02313975520582337,0.02344624594193981,0.01181420593541005,nan,0.00503077406094532,0.0065621348184164985,0.010572730111259032
0.023071435866404366,0.023378830522305633,0.013571746008467,nan,0.011702423069306356,0.006331409586592396,0.01247369330202519
0.023077422008703358,0.023384185646000144,0.013592455322741781,nan,0.011709296257583879,0.006358705271335419,0.012474086703686549
0.023077422008703358,0.023384185646000144,0.013592455322741781,nan,0.011709296257583879,0.006358705271335419,0.012474086703686549
0.022203125909601884,0.022574125938159384,0.013580511850280086,nan,0.011704759283833077,0.00635475414211395,0.012458464190499785
0.022149001155088638,0.022520252923767303,0.013452738269576159,nan,0.011560174285811686,0.006207963313405007,0.0123853620259744
0.02212234033793392,0.022492896689038616,0.013336652337924915,nan,0.01147329275894804,0.006125966542554151,0.01190879582598714
0.022149556970100515,0.022519903637188893,0.013489593880587236,nan,0.012866476664347593,0.007636699594291807,0.013745791951728203
0.02208039156329744,0.02245087771695098,0.013772561093837843,nan,0.013188653481334023,0.007950490500247098,0.013968457844997006
0.022321664880205344,0.02269086602145473,0.004265333785435255,nan,0.003977909797477697,0.004737011275458669,0.009824640065401624
0.022290284830004975,0.022659959386107154,0.0042486889243504855,nan,0.003958032090657482,0.004717339123597064,0.009803572247349068
0.03481691678422297,0.0342991030426138,0.004195883744780526,nan,0.0038233855393045024,0.004587934612496514,0.009764889569529922
0.03480857772548235,0.034290749385929326,0.004493540823984232,nan,0.00428646135328925,0.0050352643052762325,0.010304656013698454
0.029484851325209283,0.029609038691084277,0.004410202345129344,nan,0.004184038534693735,0.004931598219706013,0.01021386287394277
0.029489932280394038,0.029614140434145286,0.004221241176520674,nan,0.004013890185245561,0.004772518701771311,0.010121391759681408
0.030041412480955515,0.030161494392155153,0.0047766878548510805,nan,0.004617361473830628,0.005369914873536996,0.010656303710227188
0.030003676418359687,0.030125803279415247,0.004863088655843728,nan,0.00469834533443092,0.005455515061513205,0.010781692182542546
0.03331098612053782,0.03281220921418834,0.004802143044824847,nan,0.0064928049139776345,0.007826737170984921,0.010706073380808867
0.03331566201386932,0.032816846834089,0.0048080699732896415,nan,0.00650478632538376,0.007837471491208392,0.010734321436498107
0.03330380059363064,0.032805201498604414,0.004877092666689564,nan,0.006596904087815436,0.007930667732253038,0.01079524022828382
0.033506501572151404,0.03300558749670929,0.005445130602515169,nan,0.007355418934095415,0.008263910580254441,0.011770859519486865
0.03349341815521581,0.032992286387266395,0.005435875281203262,nan,0.0073095463616758005,0.008215230400021256,0.01169299368327037
0.0449920487752653,0.0438443940362338,0.00556377368351102,nan,0.0074636134112120445,0.008379783646178529,0.01182298194107112
0.044882363996631924,0.043735322858841574,0.005516367330616778,nan,0.00742281359802921,0.008344390541578095,0.01175912980329219
0.04486298954105583,0.043715138766931644,0.0055361076518017915,nan,0.007531387758279218,0.008474249915582321,0.011690621173616744
0.04486331147792216,0.04371464495258853,0.005622659866155955,nan,0.007627332315957358,0.008570998461327473,0.011738838401837759
0.044868395462119404,0.04371948461599667,0.005644233775054963,nan,0.0076343609810463064,0.008577158904566895,0.011786636548939522
0.04475034570590922,0.04360253708159911,0.010239711960507769,nan,0.007558046425073073,0.009926197416823879,0.011668350518178383
0.04480312421224736,0.04365635010728808,0.010409740035520754,nan,0.007726289940211739,0.010091991892994479,0.011835893765339889
0.044808422528040126,0.04366168922877278,0.01042776654781008,nan,0.00775193850750322,0.01011937056238843,0.011826620978403812
0.04482178330701064,0.043673908601602585,0.010505623205651182,nan,0.00784221474411817,0.010212277051875773,0.011924705336622154
0.045099603329006144,0.04394889153132492,0.004399509401663337,nan,0.00764090829353814,0.007312586422888678,0.011714789116475832
0.04511742516260131,0.043967500821427585,0.004627845641807737,nan,0.007848899844039359,0.007534959985322498,0.011959075388286777
0.0451244419186142,0.043974506763953175,0.004626602099578214,nan,0.007846416619823882,0.007532992515871806,0.011961018577831606
0.04499276370201616,0.04384575259334578,0.003992460061176373,nan,0.007664573258251539,0.007363628821458357,0.009250873112782498
0.04625289672946942,0.04512370373590591,0.003835101448382283,nan,0.007511737170692534,0.007207156448717722,0.009103053762760993
0.046225621566933967,0.045096628548199735,0.0037801669708331653,nan,0.007459476660136355,0.007155289816720423,0.009023513902730707
0.04600854042986208,0.044881167768518804,0.0036405489714000927,nan,0.00730194591987221,0.007000070417039872,0.008854045004080269
0.04614100012112768,0.04501192115447811,0.003639245160086624,nan,0.0072923910655323665,0.006990656478863877,0.008843435211934647
0.045911052323792334,0.044784412683307795,0.0009384211838787682,nan,0.006021460002918033,0.005306089291271299,0.0050688781173104935
0.04583445002001488,0.04470860867422721,-0.0020599039018603937,nan,0.004172934508927417,0.0031787728460798137,0.0029851647444404383
0.04930757523667989,0.04864630222892691,-0.001929358583636409,nan,0.004308673478110148,0.0033034573878910622,0.0030651402861519017
0.049336887183990624,0.04846352024127071,-0.0019361368281894942,nan,0.004294653055943787,0.003284850378057147,0.0030557334290660654
0.049701170495004915,0.04882887206727704,-0.010238674131024195,nan,0.004317349437262363,0.002763461613838225,0.0030902364389111536
0.04972714624404964,0.04885477725002438,-0.010255439934910071,nan,0.004297272382021489,0.0027421925958726057,0.0030721895135836785
0.049739352836703304,0.0488668795723087,-0.010305502092135654,nan,0.0042059878249135485,0.002654613306586562,0.0030298515427304995
0.04974087807551844,0.04886897208950211,-0.010290829944630042,nan,0.004225758787105738,0.0026607710921674466,0.0030377972584865187
0.049730496651702844,0.04885758784930608,-0.010050799291358548,nan,0.004467538490863232,0.002902676500379009,0.0032108698281263504
0.049425860238198754,0.04855534380732146,-0.010263382241540997,nan,0.004241258072046561,0.002680982099543816,0.0030073116339546235
0.04945508773531199,0.04858471771716244,-0.010271627366560843,nan,0.00421378102050074,0.00265380912334523,0.0030014405038792935
0.04950377820367727,0.04863282528847243,-0.004703093476791209,nan,0.004043587364826795,0.0024791709278334517,0.003179203035694189
0.04935865531614017,0.048488272277989825,-0.004705246499917548,nan,0.004027628804894379,0.0024910216611480074,0.003170671496812605
0.04964253159246801,0.048770216076537004,-0.004665234790177442,nan,0.004076444313938721,0.00253816918584171,0.0032732259724401747
0.049542767322461545,0.048397191288747754,-0.0046436524803541435,nan,0.004091012531352245,0.0025509442784774627,0.0032775102711222193
0.049553173341256196,0.048407601715829474,-0.004634544451418976,nan,0.004111885096035883,0.0025650532057454045,0.0032799282383538797
0.04964996871107713,0.048989300026394345,-0.004648970765231408,nan,0.004106180535130899,0.002565938474355156,0.00327118301844731
0.04963136153162637,0.04897021336876933,-0.0118761199544144,nan,0.0037690458488920386,0.002222145134544773,0.0007594784578063285
0.04955675549094177,0.04889677721720914,-0.011784365536298469,nan,0.003880331066599907,0.0023320308843718385,0.0008471168069067447
0.049561695436621395,0.04890159523086535,-0.011792615616340263,nan,0.003863729684022821,0.0023154991496615596,0.0008532143062500719
0.04892716327377286,0.04827047798501444,-0.011789476880191607,nan,0.0038663373921956623,0.002318704851178577,0.0008579950034400818
0.04855988615562648,0.04826947665845044,-0.011773288277745486,nan,0.0038907426982253135,0.002343943289086714,0.0008759796744021164
0.04515125821497398,0.04373696338231062,-0.011910025091282583,nan,0.00379523015631944,0.0022654409641963413,0.0008176779261631628
0.048657938627274244,0.04798451175163421,-0.011906063677780132,nan,0.0038079803043391536,0.002281414517326552,0.0008154758346738955
0.048810958123124304,0.04795780224620755,-0.011936579604194475,nan,0.0037778309034697255,0.0022505194673607676,0.0008173951581008643
0.048795531785282675,0.047942007678024284,-0.012135181840695619,nan,0.0034760705927259217,0.001916268913131347,0.000692278599154883
0.04751132010493256,0.04662364350109216,-0.011961164782857137,nan,0.0036450610208367262,0.0020908392423402145,0.0008555330384991677
0.04768523865284682,0.046795314746965716,-0.011670140495642634,nan,0.003942478003933547,0.002394455880589952,0.0011343317432094269
0.04768983137665184,0.04680002928311283,-0.002921471045622237,nan,0.005694392316191399,0.005984260453059553,0.0012831300793096911
0.04851074296688784,0.04762218617123384,-0.002951320012726022,nan,0.005666724173194915,0.005952654340360963,0.0012539211946273054
0.048510590149994315,0.047622011905469774,-0.0029738327110214735,nan,0.005638184448226946,0.00594498881989014,0.0012501675725304917
0.04852280364316425,0.04763352467378251,-0.0029273271835298376,nan,0.005675862032503698,0.005955943258398877,0.001267842676615727
0.04853370995469969,0.047644201560722854,-0.003147068735250169,nan,0.0048604901185640426,0.0053100145525187825,0.0011632594310231337
0.0413037647573338,0.04075707353297975,-0.005031385367149532,nan,0.004259430811572096,0.0047170717958864294,0.0006279057733175053
0.04133069124172159,0.04078436253114956,-0.0050464882612238915,nan,0.004442100259438142,0.0066035781755448,0.0018314054778537647
0.041315032000421664,0.04076877731495937,-0.005011276992361813,nan,0.004488699427550036,0.00664860995206451,0.001872488614328427
0.0415103971531956,0.040963215513658224,-0.0047694332582196575,nan,0.0047362882423629404,0.006896450340364568,0.0021032777956643267
0.04151150226040767,0.040964450518906986,-0.004775643626928061,nan,0.004732901718565996,0.006892716853097669,0.00209489462682666
0.041462245250754065,0.04091639867180616,-0.004907637760654504,nan,0.004615354585818299,0.006766518153010437,0.0019560802959525114
0.04140467335953546,0.04085920294134013,-0.0049729385128673975,nan,0.004506150138889109,0.006671436363032579,0.0018711627834366862
0.041435502238998695,0.04088788913734934,-0.00507066802897449,nan,0.004412351854191865,0.006573057919498249,0.0017321384542062779
0.03058628661859028,0.02962756086056778,-0.005200075768508117,nan,0.00435730615429708,0.006523905019345522,0.001645611350270193
0.03074115955131207,0.029781826376179432,-0.0050042592684185205,nan,0.004573347346079837,0.006738815724744329,0.0018686965636687258
0.03061509472442009,0.029658589945302655,-0.0052400323415373595,nan,0.004332516246448925,0.006502690666931765,0.001626558797115707
0.030617266020121464,0.02966082042769655,-0.005078858888716065,nan,0.004550285561388923,0.0067171979271627436,0.0017831997963371204
0.03063845030744461,0.0296820708250152,-0.0050570846665007885,nan,0.00457241341162995,0.00673876780400684,0.0018326613752943643
0.030649955522411954,0.029692719897181086,-0.005036200625289311,nan,0.0045959204520197305,0.006761596992654217,0.0018719932232776904
0.030759924014421514,0.02980138196776641,-0.00437247941763208,nan,0.0052794585803555005,0.00743375418806469,0.0024462279118295793
0.030952463518980955,0.029992651879029525,-0.004294416915615051,nan,0.005358977203759552,0.007513169191073588,0.002544845423329334
0.031052864938456937,0.03009239772477232,-0.003725097893136353,nan,0.005934563441411078,0.008059855301548735,0.005393264924343666
0.031095793860755616,0.030134883960848458,0.004872755546661667,nan,0.013591496431674677,0.01934420531253267,0.007176933774076133
0.031020798544899975,0.03006031294317424,0.004846757878175456,nan,0.013573956740791204,0.019328002781965448,0.00713779029678252
0.03092501963335001,0.029966429521563392,0.004808209490818061,nan,0.013507869277101348,0.01926653122840749,0.00716802999777344
0.030884737654619993,0.029926247827848723,0.0047177903549158184,nan,0.01339065454194488,0.019149920986661684,0.007071582331000248
0.030884737654619993,0.029926247827848723,0.0047177903549158184,nan,0.01339065454194488,0.019149920986661684,0.007071582331000248
0.030917069513786477,0.02995710579469471,0.004894619945453815,nan,0.013563621223937838,0.01929923016248447,0.007236361829274562
0.030979795484013972,0.03001920747558784,0.005024022692367902,nan,0.013759053276104938,0.021875528028219904,0.009889850025456615
0.03093644647135016,0.02997583711826185,0.004905678612042719,nan,0.013624936296824819,0.021748235029978802,0.009819615379445534
0.030946139911066567,0.029985166119385176,0.004869035662668497,nan,0.013584171862621508,0.02170979149100727,0.009782390447049982
0.03096924063358844,0.03000855091335869,0.004759316331438002,nan,0.013461005125524395,0.021607168342496208,0.009652149422061385
0.03100708614439962,0.030047049278713767,0.004560484726505054,nan,0.017817050775524423,0.02634401001659581,0.009503416840865753
0.031011184538191794,0.030051955526861185,0.004592714980352963,nan,0.017870017919541792,0.026393971395030302,0.009513671249841926
0.031038412135302895,0.030078480069257285,-0.0038888489365431766,nan,0.010162345107671777,0.012653855797070013,0.006212244753670215
0.03088424280671148,0.029922893759346314,-0.004254130007570023,nan,0.009790945021455277,0.012286632798592656,0.005805996552885828
0.03095955850423729,0.02999766236071799,-0.004321573648319199,nan,0.009730041968172065,0.012220680924179605,0.005755826321213964
0.021521553723873266,0.020622926559355076,-0.004365340405130591,nan,0.002933340707534149,-0.0012826213959855615,0.0049231319304184895
0.021557279975554067,0.020658014813109055,-0.004392538823319803,nan,0.0028702614446882713,-0.001338710992065617,0.0049164473385880925
0.021659624453251425,0.020759155764206144,-0.004337950402560242,nan,0.00293725994686711,-0.0012803452677223603,0.004977206075954643
0.02159998374065178,0.0207005754814909,-0.004273190302128471,nan,0.003035145094298475,-0.001180187450983805,0.005023287974601942
0.021602172421476634,0.02070276957010389,-0.0042664004059926874,nan,0.00316135424024111,-0.001082297603151372,0.00522545664614571
0.021620226647142332,0.020720886478799466,-0.0042520694745358245,nan,0.003182686526005174,-0.0010624809223132026,0.00523638424589723
0.021624121507703625,0.02072462450369955,-0.004202799999109219,nan,0.0032093068118994594,-0.0010366981190153002,0.005271934093185937
0.021634167161055956,0.020735109336807056,-0.00426034798508268,nan,0.003150409930547271,-0.001094559165335296,0.005204312434835767
0.021676863605634478,0.020777390917540967,-0.004241252552046326,nan,0.003174134333781997,-0.001073980942420838,0.005224032199195872
0.021680866835891932,0.02078140380261098,-0.0041357669627077875,nan,0.0033234824268887353,-0.0009385480170158722,0.005335840508171152
0.021681413919268866,0.020782068383646296,-0.004136873050481049,nan,0.00332351455388169,-0.0009388606101335961,0.0053349710936312356
0.018575895125077763,0.018926311622505604,-0.0040202845255823405,nan,0.0035627466412013753,-0.0007098879983927775,0.005449728109007346
0.018690622195594253,0.0190415754033047,-0.003982375726092946,nan,0.007089597762278355,0.002573890766295328,0.00885581795887802
0.018760339709616297,0.019110458700802108,-0.004050331598210888,nan,0.0070566169189166805,0.002507449699683084,0.00876077474926129
0.01865670701269881,0.0190084375493772,-0.0039386024781730145,nan,0.007136440160612212,0.0026162462129588615,0.008887262902603443
0.01863487796499036,0.01898729225874346,-0.003985370115861309,nan,0.007105232036177078,0.002553270035990707,0.00882970751666623
0.018635116788241618,0.018987528192955738,-0.004004827019385426,nan,0.0070766680685319105,0.0025267123476209186,0.008811246671808104
0.018634096371241887,0.018986248186772747,-0.004119541657921277,nan,0.010792377816067011,0.008069788302356717,0.009166961992399969
0.01864157291150631,0.01899277102510874,-0.005683922073220549,nan,0.01087208116879812,0.007456115570509403,0.009249133503809182
0.018633334030481258,0.018984771889338614,-0.005686741490101399,nan,0.010872041008850752,0.0074581715332167065,0.00924099704205772
0.0185593399593198,0.018910518339606913,-0.0057723810582994695,nan,0.010789595800359764,0.007367018335979081,0.009162420620754785
0.017972323580916466,0.018839679352358585,-0.0045046729718436485,nan,0.012710459020014553,0.006727519658064951,0.01072635359091545
0.017943703344841883,0.018811153023632315,-0.004470519008036189,nan,0.01275907513141361,0.0067834563635107425,0.01077346616017505
0.01795094081262863,0.01881812957433518,-0.004491451875933139,nan,0.01273887458232048,0.006767050677542685,0.010759765972473412
0.017973082213886993,0.018840314852963336,-0.004548963459692579,nan,0.012691887728779938,0.00674018835140433,0.010720438609186478
0.018051644909877373,0.0189190957219022,-0.004538350294824189,nan,0.012704965659318224,0.006749197733996737,0.010739714540141554
0.018008166094678507,0.018875624068944247,-0.0036149270025325198,nan,0.012751668753093859,0.006792975303521631,0.011522046909487993
0.018047245642704268,0.01891472030555358,-0.0027898149283963614,nan,0.012725451281291988,0.006769360851221595,0.012103078258146605
0.017960257998225676,0.01882816614832733,-0.005785280490054556,nan,0.008500794498730646,0.0041165197208846704,0.008796974090767518
0.01801953380369961,0.0188873950860505,-0.00580117896055099,nan,0.008494807335793553,0.004100475621539812,0.008779602973173706
0.018053201048649575,0.018921169351200307,-0.005874734329257558,nan,0.008424668791806478,0.0040301214902556115,0.008721353351486494
0.017957296225704078,0.0188259818229059,-0.005930939033679583,nan,0.00835951611407415,0.003972285976564738,0.008653063802766425
0.017971490759929987,0.01884009854545171,-0.005790804971280483,nan,0.008576967086638354,0.004213642545206064,0.008729894778354064
0.01798215511680959,0.018850558595426004,-0.005912316207167256,nan,0.008477014899985313,0.004112441991834137,0.00866706012206031
0.017799489881441227,0.01866819395076763,-0.0158688507777065,nan,0.0013327957727722328,0.003245234406621389,-0.0016499044273176056
0.017717890094006622,0.018622498973287827,-0.015944476445443834,nan,0.0012404275587373226,0.003154068014504352,-0.001714138813239785
0.01766254746553192,0.01856718960825962,-0.015919343530358843,nan,0.001263659113104998,0.0022990067348334087,-0.0016835544863617047
0.019561042601686923,0.02045882213166289,-0.015991801419622198,nan,0.0011828577097910964,0.002217200143226794,-0.001755695378568789
0.019565355994529826,0.02046393938501509,-0.015886922011312476,nan,0.001284706600719665,0.0023817494899358582,-0.0016743446650658855
0.023838036214419434,0.02356202398281254,-0.01587934436096583,nan,0.0012733152114569046,0.0023730793258257554,-0.0016575964826508471
0.023828614374813678,0.023553257847484327,-0.015999769034447664,nan,0.0011652740985188537,0.0022694137515986146,-0.0017798364877342765
0.023822353476205732,0.02354701265317577,-0.016003108411353772,nan,0.0011560276163899985,0.002251912636897835,-0.0018044327603711219
0.02382436113207087,0.02354900582245162,-0.015979726315228926,nan,0.0011624808699581823,0.002269877081100935,-0.0017852507480936586
0.023786145569448802,0.023511434442092916,-0.01601917367338912,nan,0.0011324552960250145,0.002239393797273115,-0.0018419889654813781
0.02395860026153057,0.02368308996039084,-0.014839104089799937,nan,0.0010402658933894582,0.004890874067344786,-0.001947279217450193
0.024074021986477595,0.023800106267437088,-0.014947012903531953,nan,0.0009941296190663085,0.004831455763510739,-0.002088923572903134
0.02408529107638513,0.023811240232432584,-0.014984764021203856,nan,0.0009551847067605923,0.004795261868736134,-0.002127123233444994
0.02411484583720941,0.023840659076128756,-0.015151405350833258,nan,0.0007895880619557261,0.0046212535954625045,-0.0023115690514077247
0.024151728544907325,0.0238778268693724,-0.015155358512471406,nan,0.0007989157676280279,0.004624158444415549,-0.0023116511322983646
0.024280754264174226,0.024006186549556024,-0.0151400668437347,nan,0.0008111984183788445,0.004642516816768194,-0.002290260088084195
0.024272655874371052,0.023997839865620374,-0.015125274398176902,nan,0.0008237587217315712,0.004643284664125447,-0.002272991874216368
0.024280390003174696,0.02400571425156961,-0.015107840253334892,nan,0.0008222914549246285,0.004639995894272997,-0.002238069887004146
0.02431783470732346,0.024042466374630256,-0.015073731824663317,nan,0.0008521682952847831,0.004669934485879157,-0.002191364365231485
0.04080831932976253,0.04144065382286155,-0.01510407630750299,nan,0.0071363656579016554,0.015171222334954715,-0.0020189636752696583
0.040797058147182375,0.041429274975382596,-0.015067144271080135,nan,0.007170838499572119,0.015202347199898436,-0.0019824360119058415
0.04080841714948705,0.04144046199479365,-0.015070977953170694,nan,0.00716549645269049,0.015196473596782556,-0.001985451998547827
0.040733552674556,0.0413650677902794,-0.01508753213725289,nan,0.007148970897438156,0.015177783158879077,-0.0020056083809987246
0.04086715331629384,0.04149809092143472,-0.010534500192369012,nan,0.011557438125745279,0.017023252127149058,0.0037088347885323447
0.04083429062519328,0.04146493962225592,-0.010945450612137364,nan,0.009922462106032981,0.016881332224539025,0.0024322378410951417
0.040815900666292315,0.041446517533382826,-0.01094129146366174,nan,0.00991307077322201,0.016873804364359923,0.0024335528375560855
0.040816798545460525,0.04144741366347071,-0.010949670420267066,nan,0.009905374556712587,0.016866103305525515,0.0024277292364407455
0.040750329441722855,0.04138097237739202,-0.01306737746988107,nan,0.008410017841808504,0.016306481110626936,0.0006292939153109689
0.04078234001934003,0.04141274940213613,-0.013143356401249529,nan,0.00831983335532227,0.016214607367165512,0.0006162915808967107
0.040761512539416345,0.04139200424075401,-0.01314850352702901,nan,0.008323624625968917,0.01621803345390538,0.0006104575139989077
0.04075484792924167,0.04138563241203175,-0.013048742441652883,nan,0.008499821131246699,0.016384527610627808,0.0006724923978863595
0.04078109016581599,0.04141133278951223,-0.01486344802107753,nan,0.0006671478387167973,0.00219481803001087,-0.0015288250299405615
0.040785213133994414,0.04141557324998102,-0.014859901775351458,nan,0.0006762150161987446,0.0022031430823906684,-0.0015248510505998514
0.04074526331012543,0.041375802473465534,-0.014909209881464935,nan,0.0006151422339254475,0.0021483906367472105,-0.0015753754415319676
0.04073665756031389,0.04136705027193385,-0.014903654845880299,nan,-0.0027777618164324114,-0.0011343485921517793,-0.00279981449750355
0.0408275384922796,0.04145787937956935,-0.017399326129020398,nan,-0.003009508479462686,-0.0013552346072637222,-0.005630443028022514
0.040642304361413806,0.04127009791279873,-0.017377186921804788,nan,-0.002972648601824557,-0.0013245228152218846,-0.005594449199086693
0.04070609308499426,0.04133328320047219,-0.017535736827135606,nan,-0.0032080798650008235,-0.00153787638228986,-0.005755699665998315
0.04064374852575764,0.041272923990893745,-0.017873417378900025,nan,0.0004749540532436036,0.008450953931372407,-0.0034594412789468176
0.04062688387737118,0.04125549573013909,-0.017862320556980005,nan,0.000462996675641425,0.008437064588993959,-0.003406538727920183
0.040579632462679927,0.041208549823311874,-0.015188808822286348,nan,0.00046226472554034004,0.008430522824681153,-0.0004372690663443368
0.04056198081022366,0.04119193151330683,-0.015208814762187828,nan,0.00044602665960158383,0.00841655807034436,-0.0004756118470304882
0.04269073174891713,0.04267193325195995,-0.015166966608122445,nan,0.0004144643558312566,0.00839565681850818,-0.0004532835072047492
0.042747997411201055,0.04272854958084943,-0.015200677464716428,nan,0.0003825775492973804,0.008363957317190085,-0.0004930143265605702
0.04254611294968899,0.04276095970875443,-0.015173496845930834,nan,0.00039816336383480255,0.008378926447552004,-0.0004570594780793913
0.04250125443406769,0.042715973038175786,-0.015201092665262594,nan,0.0003741626707494117,0.00835397874501076,-0.00047969779479617447
0.0425011968989413,0.042716008296721175,-0.01505567198670621,nan,0.000530522270365763,0.008502677527507552,-0.00035239013257448715
0.04249747071681195,0.042711842128108524,-0.015158304888111318,nan,0.000418126387371931,0.008329480903770392,-0.00042156504457002697
0.04249747071681195,0.042711842128108524,-0.015158304888111318,nan,0.000418126387371931,0.008329480903770392,-0.00042156504457002697
0.042266731355904,0.04248256600022329,-0.006032825092973093,nan,0.003067118364838861,0.009919959227529307,0.008117724700043905
0.042244595525961576,0.04246051448794244,-0.006130274347892595,nan,0.0029898654849996875,0.009841696263496513,0.008021185500797445
0.04219552953105282,0.042411685213840034,-0.006141853541936193,nan,0.0029681651845816504,0.009820278521114445,0.008011323070517218
0.04210354376653283,0.04232021785136483,-0.006496911653603443,nan,0.0030309056203200457,0.009880991302282038,0.008064669649340273
0.04233076001543526,0.04254598609530705,-0.006610927389491317,nan,0.0029116805760309727,0.009755189318283453,0.007935364338377271
0.042423932464188935,0.04263868527600484,-0.0065523542259576795,nan,0.0029832235017919206,0.00981854898655199,0.008006324783872532
0.042405811855913716,0.04262115565112953,-0.006515514222321439,nan,0.0030160713728922817,0.009855767237388569,0.008030555464157096
0.04248200644560851,0.04269684730407036,-0.006456382038609765,nan,0.0030795856413394773,0.009914477724969006,0.008097106332794701
0.042492753823430596,0.04270753149218598,-0.0063826992723219345,nan,0.003142403905430635,0.008066014918863718,0.007594291057140268
0.04261718604284773,0.042831160521590944,-0.006323949855560063,nan,0.0031781459284043745,0.008099099499608742,0.007665256648983987
0.04263730580709596,0.042851588514019434,-0.006314362552537589,nan,0.003209680941224091,0.008132294493902181,0.007658151030665472
0.048961120758120036,0.048273527792405374,-0.01755390124146583,nan,-0.004116581721162138,-0.0003933892364083036,-0.0005188825186834833
0.04877341167440169,0.048087966239912405,-0.017676286700552102,nan,-0.004233267117810691,-0.0005197219965377142,-0.000674559127198493
0.04867673905404263,0.04799145100881988,-0.017645373799061392,nan,-0.004199222553862403,-0.0004897073657647022,-0.0006512833624507941
0.04841125652903214,0.04772846293840133,-0.017796477624290485,nan,-0.004381449878707477,-0.0006537434819477994,-0.0008367805151455743
0.04854309512372351,0.0478574131240595,-0.01744776651895741,nan,-0.004014457340773658,-0.00028804281504257734,-0.00047585859800358676
0.048632554188719035,0.04794767582468398,-0.017418401352792934,nan,-0.003972797333013145,-0.00024465841377696584,-0.0004593998617860029
0.048654828502722625,0.047969581144670786,-0.01066165328062596,nan,0.0035059235776252473,0.0013314685144577565,0.005878871238395145
0.04855144521940499,0.04786590328896129,-0.010593658589085009,nan,0.0036110087221776777,0.0014266570587939675,0.005911320414747512
0.04857745536613925,0.04789207516784688,-0.010645587585932592,nan,0.0035337147467504604,0.0013508793483318904,0.005903912142214862
0.04855342950016145,0.0478679638517322,-0.010605531747752805,nan,0.003596147883380363,0.0014192476477051796,0.005961153894264881
0.04867308698925321,0.04798826509537488,-0.010622600128940562,nan,0.0035724754486246013,0.0013963174356679264,0.005998326570512913
0.04865088491608069,0.047965962455341155,-0.010546529108865887,nan,0.003665820970149225,0.0014903142834153948,0.00605679934418446
0.048682554162531366,0.047996919908804975,-0.010532111549318435,nan,0.0036775782621231157,0.0015025542303830353,0.006082692513605825
0.04860938407545379,0.04792269224604273,-0.013118645450857946,nan,0.0013388512224493665,-0.00025000027449584294,0.0024511459792251333
0.048620799114650115,0.047934414488151,-0.013019888055228912,nan,0.0014418356078602645,-0.00014286889627479482,0.002543302798562408
0.048623242144383266,0.047936194289497164,-0.01738944772900375,nan,-0.005194800230442387,-0.006069459619116868,-0.0033915928272485463
0.03814604028553545,0.037289924991849493,-0.017290343465155678,nan,-0.004973677567461698,-0.00585925177284341,-0.003283266498686266
0.03814805534005142,0.03729211372080565,-0.017328327220851203,nan,-0.005012457151618577,-0.005884640868982327,-0.003327658024908864
0.03814720759095097,0.03729173135668978,-0.017467993195078968,nan,-0.005813820415443649,-0.00677202830082102,-0.0036708659726132353
0.038229968282346816,0.03737402692026484,-0.021346854680495575,nan,-0.009944861358521795,-0.009594458228580627,-0.008086805694217158
0.03840490481884684,0.037548690048766625,-0.024458720172051307,nan,-0.00979482341422444,-0.010758972594472671,-0.007927558932417367
0.03838516679697945,0.03752891777782827,-0.024440615372386842,nan,-0.009772692308289144,-0.010736710101063696,-0.00790640086392036
0.03838016905889638,0.03752383505733467,-0.024449691851708755,nan,-0.009780289784936391,-0.010743260777686614,-0.007912901988546661
0.03838016905889638,0.03752383505733467,-0.024449691851708755,nan,-0.009780289784936391,-0.010743260777686614,-0.007912901988546661
0.038259075026053746,0.037404206755255826,-0.016463183316421937,nan,-0.006468223251973826,-0.009869815411696514,-0.00014103877222226835
0.03832491638660432,0.03746799803606515,-0.016107323205848845,nan,-0.006078636178678765,-0.00948740623769373,0.00017456147384375953
0.03843722814207384,0.03758039344937242,-0.011355546030345165,nan,-0.004255936247839709,-0.002856837375489363,0.0018992312018490942
0.03826229160557382,0.037405730320870634,-0.010839514208614842,nan,-0.004405974192136952,-0.0016923230095969855,0.0017399844400491915
0.03825425472487243,0.03739747427092041,-0.010801302026935966,nan,-0.004359006615262451,-0.0016449008547201327,0.0017772892904959203
0.03814716402455781,0.037290008378631,-0.010782163520243637,nan,-0.004333734968337,-0.001627980215557101,0.0017732476051730561
0.03810192109810323,0.03724519822640157,-0.010703088322450816,nan,-0.004243999797342801,-0.0015401689076791625,0.0018753161659621487
0.03826455379827409,0.037406672718331146,-0.01064429339181494,nan,-0.004187361517396737,-0.0014891830645173965,0.0019549862683748698
0.034427511652859594,0.03362419394685193,-0.010687008122276187,nan,-0.0042541113444805045,-0.001555398391351881,0.001934278647101939
0.03437445012252885,0.03357179200880686,-0.010692229754498905,nan,-0.0042341854380393285,-0.0015318611342046706,0.0019189743542076254
0.034558071305547,0.033754696773535736,-0.010571678277285668,nan,-0.004095890047908446,-0.001407691692542401,0.0020455456835950514
0.03449613596807058,0.03369369936636882,-0.0164529249690466,nan,-0.007994969248100503,-0.009440277010571818,4.4086910049423444e-05
0.02913691177805744,0.02844640126096379,-0.016376313938331943,nan,-0.007948464101548147,-0.009391181835728957,0.00016885417990686324
0.02285772519480589,0.022641756117586703,-0.0017730401890223568,nan,0.004928113718696059,0.001501014067941564,0.00813395044666787
0.022720079502868862,0.02250393633512046,-0.0018939208432044996,nan,0.004755400994896686,0.0013350648804333343,0.007971210588548439
0.022627964881979157,0.022411704852362768,-0.001815283028171466,nan,0.004830304843963962,0.0014153892403332424,0.007975605637438266
0.02262781774095346,0.02241163592557366,-0.0018831768995747344,nan,0.004720090986248371,0.0013063598465981041,0.007910209946245694
0.02206625035987625,0.021807484437127406,-0.001817600892601856,nan,0.0047838249609211125,0.0013685500077498247,0.007986036731705837
0.022022025566777237,0.02176328826474408,-0.0017588567302189162,nan,0.004844926721517595,0.0014229312710934972,0.008040936523240783
0.02208357497384103,0.021824857973638284,-0.0016705450643307307,nan,0.004963127607601647,0.0015428220936030135,0.008086452029550384
0.022207959654668097,0.021950144327666316,-0.0017067533897858755,nan,0.004866114764688345,0.0014595163617073803,0.008025124164282138
0.022259741208407735,0.022002079432791755,-0.0017672777685118213,nan,0.004780754983458313,0.001384249338824084,0.007984747516101343
0.022258366625950265,0.022000349628608612,-0.001860580230878095,nan,0.004692659071215188,0.0012698664828778572,0.007927757011653158
0.020379997260576377,0.02053597916384256,-0.0017651956568494054,nan,0.00471485556668616,0.0012932170762665063,0.00798203753278004
0.020509241444299442,0.020663888782333883,-0.001646246132353646,nan,0.004875061793102375,0.001454489606332432,0.008082704948820574
0.020493698842948826,0.020647879673012154,-0.001673493563187467,nan,0.0048480111728427255,0.0014286749843245294,0.008054922834032419
0.019494384281599608,0.020109979976710074,-0.0015727405303733732,nan,0.004953316808191444,0.0015183056838408149,0.008149823744187934
0.01914847995628538,0.01976508617294437,-0.0007498133079398839,nan,0.005701584660241954,0.0024160699876849545,0.008646784433907206
0.019153955932184025,0.019771990567650388,-0.0006252393566631431,nan,0.005817170673655947,0.0025782721194801406,0.008750473131032832
0.019182045528403135,0.019800168624592607,-0.0005117183099088152,nan,0.0058923700359032605,0.003739392184185175,0.008790211499647538
0.01917142736405844,0.019789568377080763,-0.0005116950529112652,nan,0.005899126864086224,0.003744374872214573,0.008806021255012841
0.019178789499293608,0.019797588343013206,0.004601320081570659,nan,0.005529849774296158,0.0088258119307838,0.009227237214083361
0.019172268809226817,0.019789499536093935,0.0045731752767317335,nan,0.005509619704345825,0.008793082615584424,0.009172846573231697
0.019120130972150845,0.01973737991478683,0.004513803484625489,nan,0.005457344624746008,0.008739755730688414,0.009120521790166425
0.01892070588213257,0.019088174865467433,0.004509414377420251,nan,0.005412355080948061,0.008689962394360373,0.009115993478183704
0.01891966317431143,0.019086953867292922,0.004557772863527765,nan,0.005483781743889304,0.008756191352687792,0.009162094091522244
0.018997521367777992,0.019165224012794857,0.004602582573877578,nan,0.00552974750284807,0.00883054907416303,0.009248878813723715
0.019013168857356433,0.01918079693241509,0.004452570693703417,nan,0.005402079089429024,0.008688461070604836,0.009114760128499433
0.019261005895771482,0.01942748664155347,0.004612423203315008,nan,0.005547508885090702,0.008831322113676765,0.009293001168130255
0.019254760407938,0.01942118427786771,0.004621018949135691,nan,0.005555607570163823,0.00883775734436465,0.00930223739304259
0.019206145389050244,0.019373538339044122,0.0017010056446395971,nan,0.0005861133181136458,0.004279992668776322,0.005693982618835025
0.019208711862275046,0.019376238438665844,0.0016685375178950856,nan,0.0005574526618820075,0.004247825735121724,0.005665648286201641
0.019254081211759033,0.019421361671963067,0.001696301310252002,nan,0.000610083156695973,0.004299078126839273,0.005701949150021091
0.01901860552296486,0.019187570628644318,0.0016740156160431896,nan,0.000589951578616299,0.004289242027800788,0.005655172512384565
0.01851751755686601,0.018246954791825032,0.00794795747928334,nan,0.0054851404590389174,0.008642799822138225,0.00905106170823411
0.018529619881197723,0.01825847689366794,0.00791661023921153,nan,0.007412660927156645,0.00861299575045893,0.01022836045495068
0.018501866583451987,0.018230661665914694,0.00786528286032051,nan,0.007353842283032819,0.008561639684605105,0.010175463120275619
0.01856088782559906,0.018289980648005133,0.007883710036616698,nan,0.007375332317059113,0.008596217031026643,0.010223222287237821
0.018556632363976616,0.018285572040895093,0.007961218332294684,nan,0.0044472329445506276,0.008669200784239495,0.009097651918592464
0.018553924633758434,0.018282895109285408,0.007948711896682337,nan,0.004435859674801534,0.00866079593580249,0.009080019526021887
0.018553924633758434,0.018282895109285408,0.007948711896682337,nan,0.004435859674801534,0.00866079593580249,0.009080019526021887
0.018553924633758434,0.018282895109285408,0.007948711896682337,nan,0.004435859674801534,0.00866079593580249,0.009080019526021887
0.018550540574638175,0.0182795396367276,0.007947772636801576,nan,0.004432313668639276,0.008658640839107279,0.009070385445931417
0.01860733825375313,0.018317419426826936,0.007895587161140805,nan,0.004369524015383819,0.008591296513338453,0.009040235420769926
0.018693411547549804,0.018403727570972,0.007309004877140923,nan,0.003782599001768805,0.008069193967390476,0.008470927007824591
0.018691451979828494,0.018402029626694044,0.0072504605876261286,nan,0.0037052645049567845,0.007992093255326793,0.008410669957386707
0.018690035683610995,0.018400766967463372,0.007230761073329983,nan,0.0036918646316400627,0.007976353817881088,0.008385857666008412
0.02418541107246519,0.024499160363483874,0.007206686329921941,nan,0.0036766748337615507,0.007962797611360428,0.008370676416246114
0.02418548193473502,0.024499104262194232,0.007186846900272603,nan,0.0036521587605352623,0.007941032325060049,0.008356256029305231
0.024179100940251858,0.024492442178753293,0.0073907891759456,nan,0.0034701726014498835,0.00698388166720687,0.008493488106168012
0.0239913746280431,0.024306269738903596,0.007196618211782857,nan,0.0032633989445334244,0.0067782438514512044,0.008290593116851763
0.02399730547130352,0.024312115830457837,0.007193191133321841,nan,0.0032609131372051126,0.006774635603516654,0.008264837860981089
0.02413881523479275,0.02445163158452865,0.009010611547071834,nan,0.01561317847063648,0.014037046873863646,0.017437028975334834
0.024141498618461127,0.024454326707396334,0.009045172842753746,nan,0.015642343547482063,0.014065980449880389,0.01747351352375337
0.024158743776005354,0.02447073403828931,0.009024226204835006,nan,0.015556618213686924,0.014013482930224086,0.017461733421229142
0.024116219179408538,0.0244297541332697,0.012204685548347638,nan,0.02538200129269419,0.02158571837162404,0.026076565166511856
0.024187362417567165,0.024501055340436423,0.012437722001871765,nan,0.025592508262533453,0.021791933087518478,0.026216189077691132
0.02418953558025591,0.024503309899075648,0.012413779950860016,nan,0.02556851266629212,0.02177076308096637,0.026189680103361257
0.02409249775957989,0.02440702905384559,0.01225136322769993,nan,0.022018809439395215,0.017472353487659853,0.021964647764604495
0.02405521982159542,0.024369193375527065,0.012313488508016612,nan,0.022069479454224494,0.01752996213255953,0.022021252725220264
0.024111894632155823,0.024425751573531607,0.012336447791870375,nan,0.02210512464234332,0.017564336876705222,0.0220553377020124
0.02409536408012658,0.024409340674743485,0.012467725928252515,nan,0.02220580542771483,0.01767630741038062,0.022167760850204887
0.024051387407473007,0.024365465713630713,0.012265956438330505,nan,0.021982798917948798,0.01745638062806154,0.021994004755860996
0.024011075166123302,0.024325250917730135,0.012267150284961947,nan,0.022027228050654657,0.0174985951272556,0.022021568330821806
0.02403382688920122,0.024348584546251023,0.012307655241072246,nan,0.022074640018455438,0.017541006495206957,0.022060342457276616
0.02409242467807826,0.02440687631370489,0.012424877320479477,nan,0.022197652117542377,0.01766129279507933,0.0221759149793348
0.02409242467807826,0.02440687631370489,0.012424877320479477,nan,0.022197652117542266,0.01766129279507933,0.0221759149793348
0.024144668193208985,0.024458755115823655,0.012475111978319409,nan,0.022254365770039974,0.017720538217777748,0.022224806256042617
0.0250266367737203,0.0253168642100583,0.012409183291925308,nan,0.02218614293336646,0.01766281270728587,0.022159254328282474
0.02492648712052492,0.02521601387843364,0.01230023506137734,nan,0.022089221504100254,0.017570080679524147,0.02450174500422586
0.024742947611057275,0.02503504246677693,0.012040566423869303,nan,0.024736687647486932,0.02067059039669472,0.027996667046019885
0.02475874031872005,0.025051468859226045,0.01200182818372486,nan,0.024692188619570232,0.02065049680898412,0.027949773889673013
0.02485221063037768,0.02514465102708971,0.02054613210911116,nan,0.024732738351610717,0.020690133138359545,0.030713591995291334
0.02480126410594874,0.02509476964881799,0.020474204673408103,nan,0.024647914932321546,0.020605133934673225,0.030631021393289104
0.024835222120654143,0.025128748333292705,0.020413241048057307,nan,0.024589783159201684,0.020546976785988935,0.030577122724735117
0.024821000304238394,0.025114169344202852,0.020430732102735383,nan,0.024606059648511036,0.02056110996227034,0.030597621349719217
0.02478688994358408,0.02508035440763917,0.02040141185276312,nan,0.024597387454450947,0.02055238084524047,0.03056767892215806
0.02483451659020572,0.025128368883681168,0.020337487565173507,nan,0.02453456747644589,0.020492802911257435,0.030525343760655965
0.024803670792836213,0.025097172793815625,0.02042462293720193,nan,0.024602439740709636,0.020560729167795833,0.030599355029005793
0.024813876053363187,0.02510713189196942,0.02037881097485028,nan,0.024562522550595323,0.020512750504843913,0.030574323202392506
0.024832357143336897,0.025125977443338138,0.02051983762976517,nan,0.024688707814906174,0.020636638317696132,0.030730669051207693
0.024769749975457528,0.025063814656805378,0.02045917960626442,nan,0.024622406169404032,0.020570047288125393,0.030668583642143532
0.02479142787793967,0.025085313440999762,0.02046105028239109,nan,0.02462552695866027,0.020572767320008456,0.030674106810019364
0.024789073659028188,0.02508295192775445,0.020457098670550677,nan,0.024622224292618955,0.02056871533179594,0.030670538904596256
0.024793635690920496,0.02508771518155431,0.01713102693624191,nan,0.022772160783887996,0.018689878072481125,0.030670246423059044
0.024789549218939944,0.025082865887838812,0.015159083369681081,nan,0.022903719649284726,0.018819528121589046,0.030790057356620104
0.024742040975190782,0.02503517924470941,0.01567673193515473,nan,0.0234102481026931,0.01930832714338171,0.031278391641924586
0.024752404627939484,0.025045463229123432,0.015687155300815436,nan,0.02341983609569742,0.01931567275025392,0.03129158577428082
0.02475176697013773,0.025044833442642217,0.024129871743017617,nan,0.027060402382668713,0.027023789213950322,0.031196008350622417
0.02478898247555436,0.025081604720286338,0.02399927932720447,nan,0.02700630751498878,0.026968145425818046,0.03099199713114964
0.026322650275936277,0.02666832353096471,0.023891557686892106,nan,0.026894043510886978,0.0268592448218421,0.030878214380063995
0.026322650275936277,0.02666832353096471,0.023891557686892106,nan,0.026894043510886978,0.0268592448218421,0.030878214380063995
0.026294075990349913,0.026639839518966396,0.02381290121230506,nan,0.026783919636344744,0.026747764533692542,0.03080660091888987
0.02630375606259694,0.026649262043208832,0.02378552308413817,nan,0.02675914985912009,0.026719594829847426,0.030786101167664004
0.026309337487960355,0.02665478258899523,0.02377560059908279,nan,0.026759959256624,0.026721641429368836,0.030794472228006464
0.026559001162819396,0.0269029757084025,0.0037744650243755062,nan,0.014187397598622864,0.013641803697987842,0.014361999098622458
0.026487843885204226,0.026832877752199447,0.0036560149777427053,nan,0.013150103689525294,0.012455518052315706,0.012778380396700428
0.026488532313162283,0.026834079933540006,0.006346822871998947,nan,0.016611352559125825,0.01247162854970485,0.015854437216019868
0.026757642854863373,0.027102860287790298,0.006495918404988865,nan,0.01683541769263508,0.012704042146588712,0.016038340609361823
0.026738269040859852,0.027083184662821613,0.00639511489861766,nan,0.016709237410268973,0.012579716515026207,0.015943492912032897
0.02666916875495129,0.027012723797194882,-0.010762639559575682,nan,0.0063594306478093054,0.002243617620906413,0.0031028778368542564
0.026711113455367946,0.027057481779689585,-0.010574595783332197,nan,0.006543620987138454,0.0024404281584062826,0.0033030738226490497
0.026574654812631215,0.026920894281557084,-0.010746781615528112,nan,0.0063527059245143125,0.0022436857693324264,0.0031600957104596095
0.026527525397928353,0.026874375719395854,-0.010601720628728106,nan,0.006492597578444559,0.0023848793751729547,0.0033004216523079277
0.026885894682881162,0.027230940728941833,-0.01041292352763934,nan,0.006688785982762013,0.0025805297997891774,0.003503719724659793
0.028688675851567896,0.029077809564120954,-0.010321709868927442,nan,0.0068757262969375565,0.0027646847962492505,0.0035804727054763452
0.031455090099655164,0.03189757542976526,-0.010280466276265887,nan,0.00690321966478169,0.0027894246161819236,0.003601193332035013
0.031489186969806904,0.031932603693656,-0.010086126393339945,nan,0.007111277019838713,0.0029865737989622776,0.0037786022158809995
0.03148516127999895,0.03192810855033251,-0.010200322412475371,nan,0.007010695804406497,0.0028881079020155465,0.0036524477808451694
0.03058854436783731,0.031011351902954648,-0.01010378569270265,nan,0.0071304664196651935,0.0030014517307388466,0.003751429443202725
0.030548314749781286,0.0309713338901135,-0.005335957057234886,nan,0.014943261004269792,0.012185463596027457,0.01153239248099136
0.030404599747399175,0.030829143881402704,-0.005539033105856239,nan,0.014724417203556217,0.01197065892088045,0.011347994449141807
0.030418218937670355,0.030842653238051937,-0.005583404978966033,nan,0.014680864452731313,0.011925147230200772,0.011305822768394647
0.030703094354421645,0.031124629708676577,-0.005335831898744425,nan,0.014927088298828495,0.012167508912560021,0.011567904812348706
0.0304938604454128,0.030915983596988994,0.006264027370281311,nan,0.014805713816582355,0.012043307772954703,0.012516422323330167
0.030442044371091437,0.030865123507246822,0.006254929910944895,nan,0.014808276610231541,0.012049896193471521,0.012459654227110373
0.030454449727672472,0.0308775468998434,0.006188561751526156,nan,0.014750909052255623,0.01198939789753073,0.01241097507126232
0.03047441205541257,0.03089742911054738,0.00632908906418439,nan,0.014718031293652456,0.01195631254436702,0.012396567524302071
0.030492695073871368,0.03091497675798255,0.006400743729327196,nan,0.014812917766878653,0.012042048564378405,0.012455650841282306
0.030501414806372362,0.030923159793914745,0.006399873059304895,nan,0.014813185651931904,0.012043215792772344,0.012459506409067678
0.030504186311598763,0.03092603233248606,0.006397099603076439,nan,0.014814258333394226,0.012043867749195414,0.012456498249694747
0.03050462886484734,0.030926485607120358,0.00637567033640718,nan,0.014795991853192247,0.012022159095639529,0.012445929588512317
0.030557147894743814,0.030979237177529123,0.006431406932382977,nan,0.014870875105505665,0.012098965065554412,0.012503611720239838
0.03056219701007748,0.030984176052784335,0.006428924726883167,nan,0.014812965256843058,0.012066299782182544,0.012442937457399106
0.03057029968439859,0.03099253686587572,0.009046311624826164,nan,0.014778808272868038,0.014761946347074173,0.012396207620027022
0.030419555500680623,0.030842466325656404,0.009003855665598692,nan,0.014741473506218683,0.014724924012470608,0.012353994766495346
0.030419229771847967,0.030842122828695584,0.00580951178312783,nan,0.014778914511521135,0.013600402660569388,0.012390258925372377
0.030390054654314463,0.030813232032098098,0.005743403042348771,nan,0.014678261989892527,0.013495806599252314,0.012338195171188837
0.030306434451442987,0.030729874910399246,0.005742770336737868,nan,0.014675476959040146,0.01349447598138287,0.012329279104841717
0.03028655730982746,0.03070993615463513,0.005737998802946009,nan,0.01464456633207356,0.013457938210983955,0.012303050614799638
0.03025942401803275,0.030682185449398935,0.005816926654042098,nan,0.014710800434986515,0.013525405907592103,0.012386816213756147
0.030253982175962563,0.030676951738465075,0.005930250856535979,nan,0.01480442109835245,0.013628217419501376,0.012474764179797981
0.030050601822595197,0.03047696082565085,0.00596287626184,nan,0.01563642182233449,0.013666540305119268,0.012836657638304994
0.030024239112872886,0.030451155834612748,0.005056358209723832,nan,0.016897239246093876,0.01579646425301484,0.012871193328434671
0.029993569346275728,0.03042007955688794,0.0049611107877116645,nan,0.01680026492635034,0.015700188410240234,0.012776071309277492
0.029930903853092772,0.030357384375944374,0.004986808909797191,nan,0.016814295719793204,0.015712814530250196,0.008531658907159345
0.02978457523934583,0.030211129697493344,0.004790894114167887,nan,0.016541234060286514,0.015434497844363348,0.008329004661302153
0.029800965262262946,0.03022772719118999,0.004848371931378326,nan,0.01659618829156051,0.015489686087819754,0.008383931083827068
0.03019355158130116,0.03061975774477141,0.003647779121828343,nan,0.01738065854484716,0.01628686093386711,0.008974079666324908
0.030326383829502063,0.030751335272408142,0.00373715114391171,nan,0.017492281434137724,0.018196437286382205,0.007375351753393766
0.030073169717310583,0.030500053056867787,0.0034030241792993854,nan,0.0171465879719358,0.01785662719550052,0.0070243837370872475
0.022703052048491656,0.023192093074498044,0.0034719628998054475,nan,0.017200974012501535,0.017907309689996098,0.007093294057287758
0.022709901937860905,0.023198948772991418,0.003465476830819658,nan,0.017196248357923327,0.017902175033221335,0.0070782308480787925
0.03025516249877036,0.03068088718802464,0.0035919577651029044,nan,0.017321383411373903,0.01801339797467405,0.00717990647335931
0.030288501521010563,0.030713840423800376,0.003591306773963132,nan,0.01732093059391515,0.018007383219030948,0.0071622139834324194
0.03053175003020936,0.030954903845206466,0.0036640332780424334,nan,0.017403663994015384,0.018094594542090947,0.00771722944785902
0.0305108104141035,0.030934097103199304,0.005992725866940107,nan,0.016779833619673057,0.01779550281095643,0.011201781526663623
0.030440140679093314,0.030863641221229837,0.005973436146221145,nan,0.01675068459190132,0.017764335791382257,0.011174488877176092
0.02296683753677578,0.022762890136771213,-0.0069861025991153625,nan,0.0002088774939195126,0.0021480014435319994,0.007150867610642431
0.02400829777394331,0.02367190086158119,-0.006990638766724566,nan,0.00020922031456171997,0.0021492688771743707,0.007152361361849935
0.023465521946109458,0.02312745194812041,-0.00682360834041662,nan,0.0003281744821698185,0.0022570743343466315,0.0073159452143891635
0.023228366836891917,0.022892450998743485,-0.006898605865691465,nan,0.000243345512583093,0.002181938738702427,0.007241228314286752
0.023256536820510293,0.022921388145343335,-0.006984235113626447,nan,0.00021934872667694894,0.002159451576497884,0.007181599946391559
0.02320473684425392,0.02286950903736451,-0.007071676834892182,nan,0.00013957467469849494,0.0020797745804386203,0.007098111806828733
0.023195585736354773,0.022860657364080633,-0.00711888828749585,nan,9.324743347560727e-05,0.0020342230143417517,0.007047471836928665
0.02486438262516849,0.024170380363715938,-0.007176368105457298,nan,-4.9313043588905536e-05,0.00189537490304581,0.007081487308413181
0.02492029513509217,0.024225893962618428,-0.007245810862098523,nan,-0.00017378496643438712,0.0017679723877573883,0.007018135246425583
0.024919248475475553,0.024224888728333532,-0.0073195256561841004,nan,-0.0002437959052042915,0.0016978163688743386,0.006945353109947483
0.02625327230395877,0.025545115968181403,-0.007150928466798767,nan,-8.911293527569253e-05,0.0018485609895138033,0.007108661752919354
0.027773454560895777,0.027577258418125222,-0.007066210895192437,nan,6.822133885331372e-05,0.002002826785831413,0.007208491442155407
0.027773454560895777,0.027577258418125222,-0.007066210895192437,nan,6.822133885331372e-05,0.002002826785831413,0.007208491442155407
0.027771980725074835,0.02757593862864932,-0.00709197540745421,nan,4.5113652342387844e-05,0.001980172833450755,0.007180462983937819
0.02779492688972926,0.02759920406996294,-0.008072652569158678,nan,-0.008173350996119488,-0.006576918242409802,-0.0006386702381179221
0.02773314241149255,0.027537633800949896,-0.00818306074288877,nan,-0.008324320596369894,-0.006720996853694983,-0.0007695871166192303
0.027717265027597887,0.027521333534978043,-0.008133217546843152,nan,-0.008259673736219941,-0.006667705737960161,-0.0007030081786226772
0.027556669500668762,0.02736201947395861,-0.008393135131414042,nan,-0.007208177179464981,-0.0068323908941537725,-0.004505383642542271
0.027572546884563398,0.027378319739930435,-0.00844297832745966,nan,-0.0072728240396149335,-0.006885682009888594,-0.004571962580538602
0.027553216783858164,0.02735893611828452,-0.008515474708594262,nan,-0.0073357306747702244,-0.006948272183658899,-0.004677087760417642
0.02745449559244542,0.027260968877832192,-0.0085706393154098,nan,-0.007396560728128554,-0.007010184636700223,-0.004738429625246621
0.027441637105091232,0.02724767051640961,-0.007524569605084297,nan,0.0008754753052456765,0.0016025221616678964,-0.002886108274326449
0.024856430775338972,0.024667784012273847,-0.007875905955023965,nan,0.0005495759472230466,0.001284415719622345,-0.003245030508559399
0.02485375730488973,0.02466399884663159,-0.007820508742720333,nan,0.0006107038834410883,0.0013392993161239763,-0.003178543945705825
0.024853610773833384,0.02466387637543463,-0.008048598935106344,nan,0.0004117441293447488,0.001145109601224381,-0.0032881716869093136
0.024864135285401295,0.023735132493513306,-0.00798158750325173,nan,0.0004624540076116901,0.0011982441494909901,-0.003223029532679056
0.01891344744818982,0.017855935518208965,-0.007717688889035901,nan,0.0007646962476551833,0.0014968764157035075,-0.002987316406687923
0.018767692695139615,0.017713220199541108,-0.008217780681719189,nan,0.00023489879847859996,0.0009885851605380136,-0.0034824947663765204
0.018786237845198672,0.01773162109206458,-0.00822960677502882,nan,0.00020119062001755506,0.0009616616406388223,-0.003502949156525048
0.018790094756437004,0.01773601818038989,-0.008191626581043998,nan,0.0002363782203591569,0.0009913473260267924,0.0003889597360632324
0.01881850154705164,0.017764284292072996,-0.008184714141755589,nan,0.00023702208940556968,0.000991504215100747,0.00040166060821644756
0.014889603244286925,0.014276064612269102,-0.007772537025147019,nan,0.0005963334436938084,0.001333388168060945,0.0007917797899097412
0.014889603244286925,0.014276064612269102,-0.007772537025147019,nan,0.0005963334436938084,0.001333388168060945,0.0007917797899097412
0.014893395540784449,0.01427961621882129,-0.007649265505656144,nan,0.0007150590428272041,0.0014627375252667107,0.0009380204225261091
0.016326915316718926,0.0157206610429442,-0.007589344291649036,nan,0.0007722466063315725,0.0015211464119869733,0.0009871821491052035
0.01397161304162084,0.013676832132272276,-0.007576839097026888,nan,0.0007729620119700797,0.0015204451457400125,0.001005609550438491
0.01776076488700351,0.018111844153615775,-0.007604456239711066,nan,0.0007262737734903268,0.0014754343975382778,0.0009881521434880192
0.0178502823522253,0.018199740185537105,-0.007650862433814298,nan,0.0006518530624285424,0.0013966049510715228,0.0009293929420324254
0.007737720958084893,0.007775270305249049,0.0019822651024395954,nan,0.013824842078028587,0.012624649373623065,0.008260706237267268
0.007932241110030047,0.007969053697384848,0.002086855725059844,nan,0.01398488447745072,0.012778314057515838,0.00839482777867162
0.007929240167431018,0.00796620125962269,0.0020838395780059527,nan,0.013981228890712738,0.012777072632756292,0.008387677191121878
0.007860116735031453,0.007898008702006631,0.002028641036490919,nan,0.01391113924666032,0.012709378679802597,0.014883896015941867
0.00793375260705012,0.007970572873386095,0.0019899104848724036,nan,0.013834574700794078,0.012640933979959912,0.01483538372426707
0.007874972389798729,0.007912093501170725,0.0019603429385136595,nan,0.013808587175003773,0.012611977669200858,0.01481062501791075
0.007952068849318567,0.007989027324722925,0.002092989085807906,nan,0.013942612559553647,0.01274194653662275,0.014940096541172454
0.008459668176747454,0.008495055017666842,0.0023458847043229536,nan,0.014244127443348686,0.01052464021525057,0.015250165709957075
0.008145646059915829,0.00818227295232643,0.0022414804746868633,nan,0.014116075112889481,0.010395689198400171,0.015115434971334496
0.008090538729576213,0.008127518992992605,0.002226663375193061,nan,0.014106980823347604,0.010389283410150885,0.015081404544141974
0.007941332405017792,0.007978495573135097,0.0020068873627192563,nan,0.013891240882049183,0.010176108034348097,0.014951919247090495
0.007906981439582073,0.00794374202543277,0.0022587087014044327,nan,0.014131051513318282,0.010409694719937801,0.015009468223154299
0.007940433111283007,0.007976788404101848,-0.0046675544620350395,nan,0.008411252479808895,0.005305662658039667,0.009448192227562546
0.007937116048657517,0.007973044856448341,-0.004627680338947782,nan,0.008467815315683969,0.0053612524470270095,0.009478250493678675
0.007924610960721584,0.007960681617913051,-0.004686245487458995,nan,0.008413130767563781,0.0053258694019977515,0.009427098196743144
0.00797615310265165,0.008011600166528354,-0.004714722734601828,nan,0.008399652533461643,0.005311853101012121,0.009421285285992842
0.007856625028776515,0.007891853385068287,-0.004650487032125672,nan,0.008485410098097446,0.005390010463353634,0.009501811431635199
0.011540257323729597,0.011278375565475257,-0.00466186051364792,nan,0.0084746751621112,0.005378326892664709,0.009482804058512873
0.014910670827282313,0.015205285121263817,-0.004671796514824855,nan,0.008445089173570453,0.00535717965114213,0.009482292940909964
0.014865707087938274,0.015160734039021295,-0.004686160022759012,nan,0.008459556678891755,0.005367027918093292,0.009453973702786778
0.014859811894617991,0.015154837267583404,-0.004664360917430166,nan,0.00845851228906691,0.0053588227695270385,0.009427234503125548
0.014836836264216363,0.015132385752053668,-0.004649231995310199,nan,0.008491784135090996,0.005364680006069822,0.009451147678436134
0.01485796411102236,0.015153583348659933,-0.0046273523723812104,nan,0.008501505812750887,0.005380234410701457,0.009500464690654464
0.0148716029083088,0.015166879588200705,-0.009379160197293568,nan,0.004646698440771702,0.0007051812798601897,0.0058342146706338305
0.014876044770845032,0.01517136004918107,-0.009378817306886833,nan,0.004666530148275672,0.0007149877812975269,0.005847593332437451
0.014864985200600589,0.01516825012621062,-0.009256131589193028,nan,0.004705946128844896,0.0007546372461350037,0.005920591060821101
0.014839409316431018,0.01514273028802246,-0.00920674592482651,nan,0.004788272080084477,0.0008357386661268507,0.005976966516640259
0.014094761824202273,0.014274022825235821,-0.009178796817732038,nan,0.004805478715016243,0.0008530423029137202,0.006019297735765594
0.014095090929643644,0.014274135224313977,-0.009185051071999406,nan,0.004817127269714172,0.0008648594902072038,0.006013800514707457
0.014054982956132306,0.014234007164933282,-0.00923263447537781,nan,0.004783363123114004,0.0008230575020952147,0.005935897470778051
0.014057839835078578,0.014237614152925682,-0.009266385658842413,nan,0.0047543470882424055,0.0007947374585336453,0.005912763900993712
0.014096426224371461,0.014275917188115966,-0.009188423446116478,nan,0.0048097861762341765,0.0008424109824725079,0.005975714245740726
0.014114624469002635,0.014294296808004453,-0.00927104487731556,nan,0.004676605900706288,0.0007124675355271171,0.005898537361055278
0.01407199710116333,0.014252120302404886,-0.013418887726843853,nan,-0.000666485900931213,0.0006289291355160431,0.0012378424905041818
0.014263476265314545,0.01444415465089044,-0.01160561997973053,nan,-0.0008567998257399401,0.0022851577069525897,0.003012782356288879
0.014253152444665518,0.014434765194419052,-0.012067473059439449,nan,-0.001252909043040873,0.0018764344251074316,0.002625929183147635
0.014330902733536016,0.014511693078714749,-0.011726188181848007,nan,-0.0008780693938702511,0.002247453790353404,0.0029418638870325475
0.014320270804000085,0.014500118104429749,-0.011696958097256793,nan,-0.0032437953551573973,-0.002258463594031146,-0.001213121788095628
0.014324912154897784,0.014504362347102728,-0.011714517541274616,nan,-0.003253784803260662,-0.0022670432504056093,-0.001180208047040665
0.018253526041012186,0.018423540195442317,-0.01258022349836585,nan,-0.0070597388715876175,-0.0022451201383210106,-0.006713666804759266
0.018301397442553158,0.018470864997996855,-0.012631071279456618,nan,-0.007159348910125374,-0.002335198443003339,-0.006740451212100651
0.017283627686221104,0.017459438849084186,-0.012677690027162458,nan,-0.007197943626704673,-0.002367905547583593,-0.006766555559556853
0.017310809742508454,0.01748549950435968,-0.012714393099689358,nan,-0.007234582631328035,-0.0024066586274403834,-0.006797919142021325
0.017239724535502987,0.01741518123510588,-0.012674459607800559,nan,-0.0071727679592323845,-0.002346712793509065,-0.006777564356574395
0.017384049144806235,0.017558546625050575,-0.012583663164584036,nan,-0.00704816936901187,-0.002217203467280049,-0.006669902155444163
0.017529471841489425,0.017703459655660336,-0.012507062000894242,nan,-0.00697942396642981,-0.0021458225470161185,-0.0065929071927181004
0.017664844547429837,0.01783793017208335,-0.012281134778082903,nan,-0.006759872131544276,-0.0019291124169988905,-0.006352213626782954
0.01765435947581323,0.017825667860746353,-0.012346435079925833,nan,-0.006809447099635602,-0.002020862082133923,-0.006426694533295918
0.017715007484370326,0.017885860617814803,-0.012328005768937333,nan,-0.006790805513717024,-0.0020035198963881395,-0.006405494080448881
0.017676344752806994,0.017848446363431913,-0.012262704129434976,nan,-0.006709389011495648,-0.0019177470166890087,-0.006322505123245503
0.017618383352735634,0.017790362236927204,-0.012308013386162497,nan,-0.006766002268358329,-0.001977889080947315,-0.00635373344460155
0.017638899100946487,0.01781098733482611,-0.012348557211426359,nan,-0.006805826968621309,-0.002016910201458222,-0.00638543611464093
0.017529558829813108,0.017701899426236817,-0.012411139567447327,nan,-0.0068896669689409995,-0.002097938340843486,-0.004659032124288864
0.013726865431475138,0.013135980293359661,-0.012316748462341875,nan,-0.006783255872563565,-0.0019940301958043527,-0.004570672718160251
0.014694922136991001,0.014095266145455476,-0.012311340636027235,nan,-0.006779132213621697,-0.001989725951240917,-0.0045652933315922795
0.014694922136990973,0.014095266145455476,-0.012311340636027235,nan,-0.006779132213621697,-0.001989725951240917,-0.0045652933315922795
0.015490347342595523,0.01490123516957409,-0.012263844913386723,nan,-0.00674225787938787,-0.001959851368219967,-0.004539844187075759
0.015479758881950245,0.014890523995803817,-0.01233053596628264,nan,-0.0068109399991357344,-0.002028259707192115,-0.00460385587668366
0.015476045974983144,0.014886585358561716,-0.012351027715167051,nan,-0.006829467851074522,-0.0020388882619370996,-0.004635299525500902
0.015492366977542887,0.014902495218372225,-0.012363672963270678,nan,-0.006868232228366522,-0.0020783223051593636,-0.004649317668260489
0.015492366977542887,0.014902495218372225,-0.012363672963270678,nan,-0.006868232228366522,-0.0020783223051593636,-0.004649317668260489
0.015515363599247989,0.014924934995686923,-0.012259072002727245,nan,-0.006769525985899194,-0.0019803192014811177,-0.004538081432486574
0.01545135768811351,0.014860602846324955,-0.012240811228917514,nan,-0.006766378004830376,-0.001968090698023728,-0.004498472399116826
0.01549276544645456,0.014902019800104055,-0.012170093687422945,nan,-0.006699389988672477,-0.0019005603488320144,-0.00443173840540434
0.015514133023190047,0.014923063887119725,-0.017241963762258616,nan,-0.007727539772317771,-0.008572519541097945,-0.004364896732130141
0.015471556836559625,0.014880819656688415,-0.017332549935564212,nan,-0.007790672952174504,-0.00863080609759792,-0.004429594602286091
0.01546648447837895,0.014875819375753219,-0.014111039230505829,nan,-0.007557841149052558,-0.007670201751861949,-0.00027703584925664604
0.015465827207364308,0.014874789818828837,-0.014154968036364735,nan,-0.007612952777309001,-0.007731956077886348,-0.0003116494021677685
0.015452234154532146,0.014858693111079152,-0.01394883405713132,nan,-0.0074130716887906845,-0.0075413227176373,-0.00013605779215075664
0.015452234154532146,0.014858693111079152,-0.01394883405713132,nan,-0.0074130716887906845,-0.0075413227176373,-0.00013605779215075664
0.014415524308167088,0.013692042934096482,-0.013930967592472254,nan,-0.0073942452958616345,-0.007521828769385008,-0.00011924716856859252
0.014166028352499943,0.013441702285543616,-0.008883208805573473,nan,0.00023007493452598116,-0.003820056076203504,0.003631766674537129
0.014189698835559594,0.013465704331094341,-0.008897777543002805,nan,0.00020463209892651602,-0.0038472378320730805,0.00361332321275043
0.01416844866366182,0.01344425297151336,-0.00886302420410412,nan,0.00026912928211031417,-0.003776244035735843,0.0036445629480477137
0.01412163967330421,0.013397531867343104,-0.010255843146020793,nan,0.00029402624553664936,-0.003752704098583526,0.003672262423200956
0.014428097971221576,0.013702109634795068,-0.010649512699148045,nan,-0.0044301225552605406,-0.00786809384008147,-0.0034056267686976005
0.014527796073878246,0.013800959535308133,-0.012411717462418759,nan,-0.004333949708991147,-0.009041166629340402,-0.003289234448696998
0.015705530055434347,0.014431006786800649,-0.012519650573338703,nan,-0.004521300066961054,-0.009222699774548815,-0.003213787049595407
0.01608357124236595,0.014943344745219994,-0.01270759651651221,nan,-0.004728614348901927,-0.009428812125499064,-0.0033924965580910404
0.016093696135505153,0.014953461119824402,-0.012709893305600795,nan,-0.004724906641338289,-0.009425765784341844,-0.0033945693928679743
0.01604844927193491,0.014908623792123127,-0.012687418069415868,nan,-0.004690716618959145,-0.00939550609566675,-0.0033624479936928964
0.016033036667232964,0.014893218306874623,-0.01268682766320195,nan,-0.0009930460016264187,0.0034847759882532525,-0.003352051520643995
0.01605496284685451,0.014914887501608104,-0.012736508392745982,nan,-0.0010778301995406636,0.0034033654157163973,-0.003418084179343084
0.01606410387679469,0.014923819050615489,-0.024460973960754973,nan,-0.011188784497428994,-0.005602924175701296,-0.01671273991373534
0.016084878275122505,0.01494420367937449,-0.024451357651241623,nan,-0.011176544976116976,-0.005587010862424746,-0.01670302590615247
0.017215962742597152,0.016089751222094384,-0.024338080855733746,nan,-0.011048412572114308,-0.005460659263443746,-0.01661155564699146
0.017215962742597152,0.016089751222094384,-0.024338080855733746,nan,-0.011048412572114308,-0.005460659263443746,-0.01661155564699146
0.017298279676609768,0.016170000719574695,-0.024290855780701004,nan,-0.010989629839398773,-0.005407382308844189,-0.01655542594254633
0.017296685967030212,0.016168531794360702,-0.024280557350969567,nan,-0.01097984881505798,-0.005413629988640589,-0.016551246156460198
0.01730407030001546,0.016175651321711615,-0.024268086442352677,nan,-0.01099616904546008,-0.005427374072380364,-0.016549647965155567
0.01725630229752073,0.016128902970454523,-0.024269297691368208,nan,-0.010994987807797507,-0.005422505498198893,-0.016551617112343653
0.017228629704128418,0.01610133451245707,-0.024415726829212447,nan,-0.011125225663511706,-0.005565174233190695,-0.016707004727250063
0.017290455726738485,0.01616245206929373,-0.02423945262087901,nan,-0.010966211224941569,-0.005415145230215912,-0.016530186182277973
0.019322784556145056,0.018133965384239392,-0.023086106142864105,nan,-0.010654043036922745,-0.005105718607125387,-0.0155815944620461
0.019325980450283248,0.01813603384505566,-0.023169705446144273,nan,-0.010713046016159966,-0.005151697398208199,-0.01570215000734887
0.016065120094371138,0.015706545604517785,-0.023052638319786545,nan,-0.010556750155091721,-0.005002641604323954,-0.01558504643098202
0.016212277894277205,0.015851678479887915,-0.022898187438113782,nan,-0.010397329706571923,-0.004841265460278854,-0.015404790866261231
0.01620890976109668,0.015848373792333725,-0.022851711235131855,nan,-0.010360379323440805,-0.004803347234399236,-0.015389037453351628
0.016182368809034176,0.01582226203150794,-0.022874765862423874,nan,-0.010387138318414424,-0.0048303199795051155,-0.015412342133510393
0.016224001073831706,0.01586383731227528,-0.022870787218187028,nan,-0.010377218614683104,-0.004819501375849966,-0.01539887368125692
0.013772829206493253,0.014004658755381816,-0.02289507223548437,nan,-0.010427644876621178,-0.004867552559980615,-0.015409732808096543
0.013777323440995082,0.014008986931479256,-0.023001354817372976,nan,-0.010541007774659716,-0.0049709606089159974,-0.01550879503325886
0.0169491251096259,0.01657328693263027,-0.023090812787411985,nan,-0.010617786991386047,-0.005044011243817592,-0.015592840708678946
0.01685287013240852,0.016479769248999965,-0.023356639837959103,nan,-0.010893057027996589,-0.005309729537821051,-0.015834817279230196
0.019012244303339865,0.018021082876406996,-0.023367880320396717,nan,-0.010819151502176605,-0.005240837852806157,-0.01581177657579247
0.01872447941410249,0.017734657659664033,-0.0074844943741131376,nan,0.002015388171345611,0.007165855648184616,-0.0024461861053325373
0.018924970481490472,0.01793502076643183,-0.002689519656884687,nan,0.003818988874663587,0.007234885019092863,-0.0081713061070664
0.018881578629077578,0.017891605895743512,-0.0027189865048441453,nan,0.0038061044996549054,0.007221036957136384,-0.008197788840727305
0.018886099770025117,0.01789632442902861,-0.0027146693792579057,nan,0.003805686640194872,0.007221566085992226,-0.008190997234984176
0.01889600304427269,0.018502085301442123,-0.002809370975005665,nan,0.003746067872704706,0.007162391001461099,-0.008135422878241205
0.01897071275108067,0.018576252635527896,-0.002773600371212659,nan,0.003768181777192181,0.0071843344187247915,-0.00808971503982947
0.01941377900770941,0.019016953407514497,-0.0028117081525624865,nan,0.0037697987316690496,0.007187189425445939,-0.008087613112154224
0.019418713043591662,0.019021919254834874,-0.002827578102376216,nan,0.003760061814477522,0.00717598277436704,-0.008096268658704386
0.019368581177633293,0.01897183840298014,-0.002910360031954662,nan,0.003688933712137521,0.007458462917809716,-0.008176130925685698
0.019379027429027973,0.018982483294578884,-0.002898951504949787,nan,0.0037174245061019073,0.007486098526242824,-0.008162338981597017
0.019366901771000172,0.018971209706460074,-0.002899071224287897,nan,0.003741390663228872,0.007505548888673941,-0.00814503367735242
0.01937966877014169,0.018983823914877573,-0.002852936632264491,nan,0.003796765333527796,0.0075665682010065405,-0.008110331234368773
0.019392673152711343,0.01899673431392676,-0.0028482139606880175,nan,0.003801946288525704,0.007572200264610696,-0.008108667500299815
0.01936191118254174,0.018968270753448063,-0.002761023502556914,nan,0.003872902009655954,0.0076389131948852995,-0.008022237776292518
0.019376392693468414,0.018982654836245366,-0.00273645875440387,nan,0.003907877481387878,0.008243189592359257,-0.008002689009568575
0.019376392693468414,0.018982654836245366,-0.00273645875440387,nan,0.003907877481387878,0.008243189592359257,-0.008002689009568575
0.019618853597829167,0.01922397649171856,-0.0025473289391300113,nan,0.004116948511296625,0.008447918287195377,-0.007794515065960295
0.02160472632784724,0.021261868697614594,-0.0025379994550078777,nan,0.004112262098294184,0.008449379499248955,-0.007775813787097241
0.02954454472975543,0.029075867477368206,-6.738398697003767e-05,nan,0.004784204473084808,0.007838067896340783,-0.007494882283447191
0.02954454472975543,0.029075867477368206,-6.738398697003767e-05,nan,0.004784204473084808,0.007838067896340783,-0.007494882283447191
0.029338740762668403,0.028870713819731997,-0.00026888044412076706,nan,0.004546910772734614,0.007609981008652178,-0.007703488864782004
0.02934798008813852,0.028879803840076795,-0.00032566852552529113,nan,0.0044599466358238304,0.007523555013498218,-0.00773951065049816
0.029292771270952783,0.028824788121348976,-0.0003469498805964699,nan,0.00443232381024905,0.007493245347745536,-0.007781223270137527
0.029257701779234535,0.02878990976360396,-0.0003215189730090273,nan,0.004462455883805894,0.007523514761037742,-0.007757510508226706
0.029222912105623833,0.028755055190036127,-0.0003386096958496454,nan,0.004418811407118639,0.007481363415284492,-0.007780400285239075
0.031443350026563816,0.031064581659528884,-0.00040032607711348867,nan,0.004364226936821702,0.007427625204749266,-0.00781772012284232
0.03137665080129118,0.030998731482092257,-0.0005357396406087123,nan,0.00423429967214628,0.007293705677035245,-0.007949996368420975
0.031261308439836266,0.030884360541086703,-0.0005604093180996417,nan,0.004212735776571108,0.007268881676727568,-0.007998967629774367
0.03131027533291922,0.030933258857785167,-0.0004807385089073968,nan,0.004291092355852788,0.007353113723471916,-0.007916247529922926
0.031264641973090146,0.0308885985663907,-0.00022567257994865475,nan,0.004538373488097158,0.007606725271018022,-0.007592307574801005
0.03114268360182218,0.03076735717394266,-0.00034911082492516954,nan,0.00440039816477289,0.007467531515988668,-0.0077266116995957645
0.031122982849796005,0.030747647031681008,-0.00038314521496629617,nan,0.004369758330517337,0.0074369932090204705,-0.007760473938916546
0.03049599652364543,0.030015098535368545,-0.0003113576825319875,nan,0.004438982511991041,0.007510490731616137,-0.007690493361761974
0.030450338634987834,0.029972521754788373,-0.00016731100312339375,nan,0.004653690347215966,0.007727867880832129,-0.007613373316888938
0.030440437018936894,0.02996258843063629,-0.00015110315299249333,nan,0.004671350503590355,0.007744867400131805,-0.0075892073618021305
0.030351299490226996,0.029873755253141482,-0.0001885128046020812,nan,0.00466261328423434,0.0077461275548605935,-0.007595597146051958
0.030356529900042117,0.02987983890904458,-0.00010727495107587526,nan,0.004741127629600106,0.007887370209266109,-0.007530267026540471
0.030195943761674976,0.029721955271711287,-0.0005569368082078974,nan,0.0042963562117568355,0.007448083967279029,-0.007949873508205973
0.029560348379018386,0.029452689189667647,-0.00200089578012963,nan,0.004373646751501203,0.007513248697125441,-0.007908293532549848
0.02792876404976996,0.02750661968571183,-0.0020395670094178753,nan,0.004326307518197181,0.007467416453099673,-0.00792729532007641
0.027983457977122234,0.027561189482194687,-0.0020156194038295494,nan,0.004344830759412277,0.007489014406522276,-0.007882407761366839
0.028050036479494833,0.027627964967196605,-0.0021152790838716573,nan,0.004227765528304617,0.007375819526021066,-0.008019750518963198
0.028008212939931054,0.027586247667543917,-0.0021298952315643715,nan,0.004217038346446267,0.007362797709730806,-0.008049544154695831
0.028189747920351255,0.02776619162036581,-0.002086206344009356,nan,0.004392885340674613,0.007504872941730412,-0.008112817598439404
0.02814868670764148,0.027912650287681584,-0.0021181179587871357,nan,0.004352844375565601,0.007473285555863907,-0.00814991047117275
0.02820640939150698,0.027969235852761815,-0.002257241070867222,nan,0.004214874582371686,0.007322730493651175,-0.008280454969204265
0.028276880274963445,0.028038813624607195,-0.0022139630842724634,nan,0.0042606740500845675,0.0073686204677980705,-0.008229345873307925
0.02843355100255998,0.02819550907967286,-0.002205208553073712,nan,0.004233790272821114,0.007343612770598251,-0.0082063906463965
0.028443888215545998,0.02820573825731873,-0.001284974271910433,nan,0.0037455316305274877,0.007172128230732877,-0.008635256798283475
0.028323361456905533,0.02808574160277097,-0.0012676761665563197,nan,0.0037454408360290126,0.007172797196164038,-0.008635160224076954
0.028254981138504498,0.02807721200493324,-0.0012833548637339875,nan,0.0037190503370799766,0.0071438126291349935,-0.008662603452947781
0.02827563562910726,0.028097873534397744,-0.0012793349506390328,nan,0.003722698933557589,0.007148268354196241,-0.008660187434174071
0.028285433914015723,0.028107279879503483,-0.005153045185133265,nan,0.0006978599091630455,0.0033209488077488025,-0.008614419783481875
0.028101553995471956,0.027925271655667355,-0.0050907967310256375,nan,0.0007464134491054208,0.003374100870987773,-0.008565674233621978
0.028098795926967124,0.02792277117448111,-0.005169551197561351,nan,0.0006629842907573957,0.0032367970386706357,-0.008603010274565226
0.028161931858860956,0.027985711793846735,0.0031504114917783044,nan,0.001766548117904776,0.0026304509329843073,-0.0014698581691269252
0.02848017192329058,0.028300831795782494,0.0029970143922231074,nan,0.0016427240693863698,0.002498675516540927,-0.001588064860102989
0.028076705351503306,0.027901169239156476,0.0026660084508287607,nan,0.00130926764331174,0.002182453705679377,-0.0019874894550241384
0.02810917596275808,0.027932151467948585,0.002478593492304837,nan,0.001098135462583305,0.0019823592585246352,-0.0022180584089119826
0.028350172188087608,0.028171977776672297,0.0023778778103644704,nan,0.0010193878625796016,0.0018953026548740315,-0.0022822223291201205
0.028552143923707085,0.02837255625756735,0.002329583556739623,nan,0.0009575984354628364,0.0018300988278079355,-0.0022962441425105062
0.028626982919126576,0.028447624242135094,0.0017301959592082028,nan,0.0009290004833594212,0.0018012920174269587,-0.0005253305895096538
0.02696529437516601,0.026205101783339596,0.0016277646894581332,nan,0.0008163324018244378,0.0016986271311364431,-0.0006141826835099895
0.026975766898546943,0.02621451172091055,0.0015960885097202615,nan,0.0007834577389232988,0.0016667371457719238,-0.0006504270862897066
0.02686273767117542,0.026101818690839357,-0.002569008556825847,nan,-0.003666311138243672,-0.0015687999141478226,-0.005352850787983643
0.026518921252228406,0.025761262705733423,-0.0024142124984187774,nan,-0.0035355466126887336,-0.0014295165361575268,-0.005242059978944558
0.026530372205885278,0.025772589484467506,-0.0023943471737277733,nan,-0.0035211904651151205,-0.001415928147405543,-0.0052266127542643925
0.026843527720976618,0.026082909055207354,-0.0025243199373526926,nan,-0.0036261143295843734,-0.0015289079148480544,-0.005317690213288984
0.026858266527808955,0.026097394443891808,-0.0024795134339397062,nan,-0.0035773273235357728,-0.0014798777622483383,-0.005270266889779718
0.027492428412706826,0.026539547401197017,-0.002366095825571346,nan,-0.003443445186074756,-0.0013506024299206887,-0.005204081690677764
0.027508728832594087,0.026555471503417638,-0.0022713246752288363,nan,-0.003340145793205518,-0.0012516189625459972,-0.005113207860129476
0.027504235078874728,0.026330362236717475,-0.0023241541630971696,nan,-0.0034147856123804,-0.001325246003924474,-0.0051727233496755565
0.027520041332168427,0.026346160600076884,-0.002343744445044482,nan,-0.003435628240521127,-0.00134644200487255,-0.0051989963562809605
0.02713247147930714,0.025972200682560398,-0.002491577060634964,nan,-0.0035882721736650858,-0.0014957558323055453,-0.005359784588041094
0.027144835366207598,0.025984152307179598,-0.002512075541061698,nan,-0.0036110979076255934,-0.0015179996426200049,-0.005369355056099923
0.0275130515253737,0.02627537859858503,-0.0024688619166503,nan,-0.003567566013746082,-0.0014781397629471948,-0.005392245589649347
0.027515679862061826,0.026278009628863036,-0.0025442561620665494,nan,-0.003665826178072984,-0.0015727576674441357,-0.00542340785763562
0.027513185796627232,0.026276077283788446,-0.002436297928054776,nan,-0.003571930682487845,-0.002693786137640597,-0.005357868911254338
0.027564505838422265,0.02632698752512666,-0.002428620657133229,nan,-0.0033680865345459,-0.002758035438974127,-0.0053811924146371926
0.027553326041323822,0.026316783704255248,-0.0022295635065464614,nan,-0.0031695181050410692,-0.002554153186974495,-0.0051823389690877075
0.02755531728257246,0.026319401947458743,-0.0022192583737042915,nan,-0.003161318685168335,-0.0025458000992175656,-0.0051770310696371835
0.02758019025451769,0.026341777164360425,-0.002018828027197328,nan,-0.0028808055169728952,-0.0022944815048685507,-0.004979131535588932
0.027588634573032955,0.026349914479037284,-0.0020518351404904545,nan,-0.0029178965022514936,-0.002331381587046155,-0.0050083272143461866
0.027422544407896488,0.02618400297570722,-0.002899045711149517,nan,-0.003939666151032584,-0.0018951357377130496,-0.004901330947268634
0.027320422851060955,0.026083105242705962,-0.002848473710558519,nan,-0.003908035047562763,-0.0018569069818251682,-0.004886980760336779
0.02732107028013453,0.026083677803821564,0.004856474898506047,nan,0.005586506038124939,0.005364972680018232,0.0035562645034229456
0.028229924357319497,0.0270048064145281,0.004756410746206252,nan,0.00546779333309122,0.005248715071229038,0.0034682448661080834
0.028120314564466897,0.026895729470185148,0.00466863572079157,nan,0.005357694141535085,0.005142683623012179,0.0033769598534034717
0.028079771268970405,0.026855290838538853,0.00466538937076999,nan,0.005354728672025022,0.005138556431253827,0.0033687371587025616
0.024289978785798,0.023303787006252796,0.004361053099320666,nan,0.0069058334263517596,0.0055856425175991875,0.006976410199672878
0.025361147677739865,0.024350489244720247,0.00447346984236674,nan,0.007026114973792907,0.005706304633776194,0.006991333933911381
0.02535434093118316,0.024342143799734678,0.0044591057539313805,nan,0.007027452037436266,0.005714720946185525,0.006950309450361125
0.026217421130358298,0.02516215487603954,0.004660826991185529,nan,0.007197685038831114,0.005884872637212046,0.0071102706883887645
0.025934848515732772,0.02487880029758832,0.005691974537112676,nan,0.008300248071708594,0.007370939253768971,0.011172339410980614
0.025934718016495578,0.024879294649067463,0.005700986683208398,nan,0.008308420936613548,0.007379432384024942,0.011180830580638679
0.026178687775830684,0.025124377462169917,0.003623070733022149,nan,0.007078336650737649,0.0046593236792072945,0.007030458689666563
0.026184752796890864,0.025130464889027093,0.003487299480084305,nan,0.006965110634870708,0.00449453613249351,0.006944333463550834
0.026378537818991077,0.025323323555542787,0.006299258939380659,nan,0.009145967784015663,0.008146793778541661,0.016562908994619763
0.026444680878493332,0.025388774414104948,0.006526627684680264,nan,0.009394062170943185,0.00839241736533114,0.01681219563317582
0.026445823504329308,0.025390147968197774,0.006547335783891439,nan,0.009408273642020237,0.008406833082616583,0.016826454773947952
0.026334967155298955,0.02528000090619481,0.007020353139295832,nan,0.009751236761020632,0.008766553361556295,0.017419243945962837
0.026368877931939344,0.02531380456965443,0.007152366205324445,nan,0.009956956302402342,0.008970822621576668,0.017579992526108645
0.02635467871414643,0.025299762898015887,0.007173927847486383,nan,0.009987144033876016,0.009000502145467548,0.017611241718575088
0.025830663182035585,0.02471770124834488,0.007134825160716285,nan,0.009950621366549672,0.00896410137902981,0.017574359497323222
0.025830663182035585,0.02471770124834488,0.007134825160716285,nan,0.009950621366549672,0.00896410137902981,0.017574359497323222
0.025819025013317093,0.024706208168600807,0.007050377292306398,nan,0.009785938230176039,0.008793211048275684,0.017480221240097404
0.02581113324059847,0.02469831322111471,0.006935667624672903,nan,0.009670817754257488,0.008684141883052332,0.017410127516163332
0.02577427859137435,0.024662196164657202,0.006909611716657715,nan,0.009582922765550617,0.008596292541316553,0.01740578739924825
0.022229059080450225,0.02210765526228531,0.006888865221861051,nan,0.009483491716435255,0.00849672263692014,0.01746498144692754
0.022195872700859348,0.022074777988710714,0.006865668353080556,nan,0.00945649269180815,0.008469489189153245,0.01743227234114253
0.02252679578087488,0.022405029983373487,0.0069821659123999735,nan,0.009576720349694146,0.008587991060433509,0.014968639701370634
0.022248029211496406,0.022009391322893646,0.010156057795834506,nan,0.009142969685617675,0.008167961614989228,0.014464606821478765
0.022245744875773965,0.02200787695736728,0.010321300454948057,nan,0.00927939464065819,0.008364541784934731,0.014578213016273045
0.022244736155440842,0.022006881206067808,0.012090321930671388,nan,0.011019873974833505,0.01003473980415337,0.014624618793968702
0.021614956847684136,0.021630972403310772,0.012094326203680339,nan,0.01100451783813372,0.010019867719214814,0.014619115553117235
0.021868874600199983,0.021526865724527194,0.006782827589362217,nan,0.009586354837865185,0.007771408200916263,0.012118014437051183
0.02186647833054764,0.021524583660053498,0.006762651930195207,nan,0.00955029200265578,0.007730060054470855,0.01209120171447664
0.021783815164213682,0.0214432336857259,0.012263818079132016,nan,0.01020132720743716,0.010174015451446139,0.012028349609794153
0.021266010061855745,0.020928120282118517,0.012206710953573507,nan,0.010166079989073928,0.010138032958652787,0.011942949376817946
0.021405132257862725,0.02106692692823156,0.012224774884947553,nan,0.010228939082252309,0.010183903155853602,0.011992356460693632
0.021298327095016334,0.02095829974112398,-0.010152051152102937,nan,-0.0044911679019188355,-0.004497740729887512,-0.004728641492191543
0.021324997192120887,0.020984633733557495,-0.010160600778356232,nan,-0.004478113402221262,-0.004484916016778362,-0.004754737066101966
0.021284503849601566,0.02094397754490701,-0.009880305617414487,nan,-0.004626521967655783,-0.004628803550387306,-0.004888386875127604
0.02127298582757403,0.02093317909525974,-0.009890968554695179,nan,-0.005261490982981676,-0.0046595675903463585,-0.0048958864802134405
0.02141634445648266,0.02107470561196892,-0.009748787585636465,nan,-0.005110833048644126,-0.004532432687550214,-0.004745751005729715
0.021517737854237134,0.02117368903876568,-0.009896306857161252,nan,-0.005187959404380216,-0.004629004274677273,-0.0048702712564454576
0.019417053518606037,0.02039125303284947,-0.009993656330129275,nan,-0.00525244885953835,-0.004695581944625826,-0.004939403664762199
0.019496197397583348,0.020472407088778455,0.01204512573749228,nan,0.010190533895384046,0.0101064016058523,0.01187704721332139
0.019499953472195908,0.02047721816323611,0.012051150825331591,nan,0.010186718246460558,0.010101985350225884,0.011911308277717025
0.019508983571662225,0.020484763294369046,0.01207425798078443,nan,0.010202626570606,0.010117893396047628,0.011927680418793773
0.019547142110141386,0.020522122114476765,0.012255911574334366,nan,0.010424346201594714,0.010339934908022874,0.012026587996148752
0.019503993025011823,0.020478965160659057,0.011762015540206838,nan,0.009877280449551051,0.009801296846392527,0.01145353785360248
0.019408093918965724,0.020385060395634452,0.011535849190155267,nan,0.009628112882058115,0.009556301608514395,0.011290023079247424
0.01943635141708419,0.02041255147771945,-0.008176297736737559,nan,-0.0029606315648538217,-0.002023931784801092,-0.0008189789931661862
0.01941888174463549,0.020395182832663727,-0.008124198327671861,nan,-0.0029013159850573844,-0.0019632327073995093,-0.0007717402490410308
0.01939702642522631,0.020372287522918642,-0.00818488283453045,nan,-0.0029650654027563172,-0.0020239791586948996,-0.000821170790467618
0.01936638520682793,0.02034194625098465,-0.008132220298008419,nan,-0.002912129729090829,-0.0019685479932759486,-0.0007662119161901959
0.019285000801773006,0.020261593273828565,-0.009151346087614254,nan,-0.003063670416015851,-0.0007393405750065751,-0.0020386481453325
0.019265927275457395,0.020242979503623,-0.00913357588499375,nan,-0.005788743274015795,-0.00463794283281882,-0.0020144770957425395
0.01947640693044797,0.02045263750635723,-0.03074792475763588,nan,-0.01976257072397858,-0.023797828944821964,-0.019304563034233446
0.01682968385804362,0.017687921704768073,-0.030732281127251793,nan,-0.019731117555718103,-0.023767224977051193,-0.019291305310181084
0.017750805655820184,0.017688090088004677,-0.03075898226754159,nan,-0.01973728741319869,-0.02377342213413669,-0.019302374710584935
0.018223805830895917,0.019285260476033905,-0.03073684830248502,nan,-0.019711287738434446,-0.023745145650136634,-0.01927979391053114
0.018781236505265503,0.01928846565384082,-0.030635268478526156,nan,-0.019601251153941623,-0.023636172537340405,-0.019229908921900685
0.0187959239572095,0.019303571489996174,-0.03059540198134747,nan,-0.019558910686850783,-0.0235961042831353,-0.01919476332550929
0.018745919143112105,0.019253656898583743,-0.03099355204332177,nan,-0.019893065524077214,-0.0239298291684944,-0.01959174256705598
0.018755588715846178,0.019263219507310442,-0.031121533312425398,nan,-0.02001683423542433,-0.02406638293834662,-0.019672617649071467
0.018743194855933926,0.01925037307229649,-0.03129056637012062,nan,-0.020182898226821844,-0.024241172516513698,-0.019798056522810747
0.018567388284753877,0.019075222949915427,-0.03147410606534906,nan,-0.020488551399966082,-0.024547368339392972,-0.019933050367471394
0.018702575663544302,0.019210535465760792,-0.03128488185551981,nan,-0.020293917853119625,-0.02434367991364539,-0.019761493733397195
0.0226705401436402,0.022360579290986476,-0.031261394467144266,nan,-0.020276227134068625,-0.024324033284300883,-0.019740354650495284
0.022603786918760388,0.022294307781391076,-0.031104575425636938,nan,-0.020121680145896326,-0.024174219934192775,-0.01965502324830304
0.02267490397951616,0.022364908257843458,-0.03119512676028191,nan,-0.020218436564936493,-0.02426980497531761,-0.019756472106432943
0.02266671932616013,0.022357229978496762,-0.031165774385505385,nan,-0.0201775999223599,-0.02423283416239108,-0.01971995251321923
0.02265623259653682,0.02234623652555126,-0.031187748762795175,nan,-0.02020267566589351,-0.024255152343024666,-0.01974359879290466
0.022636290049404928,0.022326866065697087,-0.031146384297569774,nan,-0.020155365874554798,-0.024211788584154847,-0.01970818972553734
0.02256935254058892,0.02225984921666832,-0.031102267252960947,nan,-0.02012027076471079,-0.023692316671984015,-0.019688779143389068
0.02251894438511834,0.022209170464593198,-0.03111406195110844,nan,-0.020136211078376487,-0.023708124994884505,-0.019706345067843856
0.022170995063904686,0.022137925415229326,-0.031113545978125767,nan,-0.02014076593848213,-0.02371277838661834,-0.019700374481550376
0.022170995063904686,0.022137925415229326,-0.031113545978125767,nan,-0.02014076593848213,-0.02371277838661834,-0.019700374481550376
0.021689915969201057,0.021657028376008663,-0.0275131958571736,nan,-0.018221303854719317,-0.020540360652947176,-0.015555047545984468
0.02172669075380773,0.02169340332447281,-0.02192992886115741,nan,-0.012790512459578407,-0.015951625964485405,-0.00842672507391018
0.02171494235068888,0.021681822233802106,-0.021969620351000363,nan,-0.012831810419209555,-0.015991465786178605,-0.008473387941792088
0.02171494235068888,0.021681822233802106,-0.021969620351000363,nan,-0.012831810419209555,-0.015991465786178605,-0.008473387941792088
0.023175101163687484,0.022857426669233905,-0.021955906613277065,nan,-0.012815158542547445,-0.015974026034160982,-0.008458839868796697
0.023141773981826375,0.022824105126805355,-0.021974623741736643,nan,-0.012829440100130762,-0.015988418079238564,-0.008487988450379902
0.023171511096447855,0.0228532560800139,-0.01440933594816618,nan,-0.0024570992231517375,-0.006614048278602125,-0.00043229699323998894
0.023144109478771407,0.022826013326949862,-0.014428324108213042,nan,-0.0024716433404631255,-0.006621535256948419,-0.00044974120801921647
0.023163579174179882,0.022845634224687078,-0.014620186303666793,nan,-0.0025805791958232183,-0.006743590305410607,-0.0006910206880329506
0.023301169324762117,0.022983609925818993,-0.01459464689412171,nan,-0.002542390689588281,-0.006706351139918909,-0.0006491965823143264
0.023055948714805402,0.022739513135290157,-0.014529783618192793,nan,-0.0024958646803319162,-0.006651100568741741,-0.0006060738699310564
0.023073171785444074,0.022757919021930112,-0.014608100450005268,nan,-0.005650896662280247,-0.006723963007574829,-0.0024122812620667178
0.026387733451436524,0.025139364209690762,-0.026885207531819888,nan,-0.01801314979581692,-0.020345924934558224,-0.01526791953147999
0.02630754736754981,0.025059838964731324,-0.026919928447238117,nan,-0.018054539688482363,-0.0203846234353674,-0.015307036843710486
0.026291727290294525,0.02504402989688162,-0.026898709059527626,nan,-0.018044513764552406,-0.02037526132512546,-0.015283169228999638
0.026261939973185183,0.025014429252190745,-0.026766794244215353,nan,-0.018781109556911035,-0.014986663612636453,-0.015334727648243729
0.026278399566052962,0.025031084074030263,-0.026747619642945253,nan,-0.018759987573927717,-0.014968274199142817,-0.015306292121488263
0.026139601349906783,0.024892766725576776,-0.026750251008145876,nan,-0.018805259798077123,-0.015005897890281394,-0.015356348925335661
0.026142831311435466,0.024896063363518683,-0.02675830924578304,nan,-0.01881415156058508,-0.015014329998341402,-0.01536026542339286
0.026151109657238686,0.02490474041832666,-0.026770557267037587,nan,-0.018762787191285546,-0.014964849367917976,-0.015354061033271194
0.026151109657238686,0.024904740418326687,-0.026770557267037587,nan,-0.018762787191285546,-0.014964849367917976,-0.015354061033271194
0.026625257389154583,0.02637609768115104,-0.02682155828322208,nan,-0.01880994300023464,-0.015017997878349565,-0.01541659811864493
0.026625257389154583,0.026376097681151067,-0.02682155828322208,nan,-0.01880994300023464,-0.015017997878349454,-0.01541659811864493
0.026515779836323194,0.026267905968082733,-0.026916555914655693,nan,-0.01893869780034152,-0.01514063047309,-0.015526754568087497
0.026863090624480862,0.026615419771714388,-0.02682784778148961,nan,-0.01882998000686542,-0.015035959044543579,-0.01540390946271275
0.0267135126346304,0.02646636287066137,-0.026962485890864363,nan,-0.018959500547133912,-0.015164704569057275,-0.015544923703589841
0.026923602009111508,0.02667514398596943,-0.026848029841724186,nan,-0.018856857250706294,-0.015053438699253907,-0.015407532761425813
0.026863175476066314,0.02661232747942105,-0.026937495009119905,nan,-0.0189481216499654,-0.015149309216314855,-0.015514648898471317
0.026873466053067313,0.026622222411911867,-0.026794809462179492,nan,-0.01882201529834826,-0.015026809775461558,-0.015398084175364146
0.026960214224614115,0.02670947647161731,-0.026768630589095177,nan,-0.0187841218083038,-0.014991894433186492,-0.015383683885987653
0.02670415669430687,0.026453844037031327,-0.026907149966030275,nan,-0.018908863346367988,-0.015114882875641,-0.015521061290533655
0.026698729432861695,0.02644860656365139,-0.026855673113554746,nan,-0.01885399879951022,-0.01505162563660456,-0.015457053899052386
0.02694817487280962,0.026697425160447485,-0.02662913034268366,nan,-0.01850999364967376,-0.01470617282050568,-0.0152611533115391
0.02698056929756279,0.02672964104560907,-0.026698206659806267,nan,-0.018561827951699472,-0.014764047515786416,-0.015335998718843502
0.027102247065747265,0.02684936965951129,-0.02703448535455466,nan,-0.01887670558643051,-0.01506792342522667,-0.015727868814623513
0.027124325415869538,0.02687143647083934,-0.02673423689168286,nan,-0.018628780716867133,-0.014823944466872074,-0.01553220080371609
0.02645931180830219,0.02544561897653108,-0.026729410923070462,nan,-0.01861846683297963,-0.014812892942518086,-0.01555716160336107
0.02645931180830219,0.02544561897653108,-0.026729410923070462,nan,-0.01861846683297963,-0.014812892942518086,-0.01555716160336107
0.026470513383683864,0.02545678611190616,-0.01958904792263383,nan,-0.014003387784044197,-0.00773266503982184,-0.007341174026032737
0.026548056501344647,0.02553264450612769,-0.00952485592125818,nan,-0.0035957939421416008,0.0019247388900694995,0.0015404583812251849
0.02625416965935537,0.025001657444563008,-0.009532731354156776,nan,-0.0036067606760176174,0.0019191960248098328,0.001529983235121879
0.0262864219805507,0.02503373554580282,-0.009717402060933966,nan,-0.003782601758920312,0.001716206782770402,0.0013922854364099013
0.02665442170325394,0.026389276672640405,-0.009728197343640499,nan,-0.0037134602083171986,0.0017197474386141387,0.001564537829944257
0.026563216597602468,0.026157007871878385,-6.245903141455234e-05,nan,0.0009587893116361768,0.004451922938113473,0.0014084900988933224
0.026839762610567475,0.02643040200854499,0.00020844710394318788,nan,0.001237605146665044,0.004744898570991696,0.0017367118098973178
0.02682203378172826,0.026412665758874604,0.00021213595699354215,nan,0.001226696584275655,0.004732487453859235,0.0017425078351620549
0.026828951857367556,0.026419529507792278,0.00021174221234687707,nan,0.0012270091471706657,0.004733094897530821,0.0017414329678393514
0.026634512068622385,0.026225635113017204,-0.00016441575048420365,nan,0.0007845206707518537,0.00429626751566814,0.001280209148036282
0.02661639786720643,0.026207848972714026,-1.9919082995145665e-05,nan,0.0009112701972556758,0.004432586555914386,0.0013830702395318806
0.026753735534274348,0.026344212153212004,0.0017904044938679142,nan,0.0014849726945784791,0.004474052517099203,0.0018281046928247946
0.026757783219869158,0.026362208919513463,0.0017621405299538262,nan,0.0014538051656542983,0.004443123045261843,0.0017951016720838542
0.026795233420615155,0.026399052305143,0.0017406309362778538,nan,0.0014300443181640698,0.004421625442687427,0.001781943412220488
0.02669199636383343,0.026297138567669937,0.0016219210956314178,nan,0.0012983250255167444,0.004291960485242385,0.001656642231241623
0.026675048986200323,0.02628027504669836,0.001552493213544448,nan,0.0012659425470545882,0.004262090198558388,0.001615622031684416
0.026854143999431257,0.026459347280087253,0.002027161280627743,nan,0.001809150581841723,0.0048000730021765525,0.0020933129522279215
0.02693419902016078,0.026539120742182398,0.002052429266715672,nan,0.0018578049852611134,0.004846404513528024,0.0022250748957896027
0.027496709897080474,0.027682063911507238,0.002188497347459961,nan,0.00194264390500698,0.0049281846231543636,0.002315558424073161
0.027500662394929598,0.02768619960225499,0.002174743874530538,nan,0.00191365599333293,0.0049049592846186485,0.002309677094560314
0.027326736027104587,0.027514181236528323,0.002328569163630334,nan,0.0020129018818502153,0.005022607824406222,0.0024449561764608996
0.027328000120434737,0.027515434216150936,0.0024021058528332917,nan,0.002099453248678329,0.005117565715014538,0.0025175562350456815
0.027384606428410202,0.027571909784720072,0.002408637252806156,nan,0.002168163010504154,0.0051881953180559215,0.002494285415309494
0.027201290180830895,0.0273907158370085,0.002151384594750838,nan,0.0018938650273837565,0.0049196973904732655,0.002247492207688384
0.026182798185578615,0.026386346327917698,0.0021556575295036406,nan,0.0018989243469297312,0.004923945199950097,0.0022515253031499816
0.02632778038274991,0.026530347948836464,0.0020234408555431793,nan,0.0018189979930699485,0.0048264738605178215,0.0021443707492438957
0.026270075582038727,0.02647201631103882,0.002032225814172617,nan,0.001833761359123165,0.004842677277989926,0.0021427914066940446
0.026234457418176177,0.02643642523251985,0.00212781924701122,nan,0.0018388061042754478,0.004844657151218623,0.0022094298684431912
0.027823111170720782,0.028231613610361778,0.0021800180970262817,nan,0.0018660144405552304,0.0048771733824625185,0.0022211490336510042
0.027845972825556592,0.028253467237732727,0.002199501931148151,nan,0.001883094482240777,0.00489462076103464,0.002237925914230554
0.02787766353410895,0.028285350306917145,0.0021779963054826545,nan,0.0018534131152919686,0.004866450919732812,0.0022455740115974177
0.02786902271263142,0.02827631288205293,0.002207498930241858,nan,0.0019200304677750024,0.00488335578074639,0.0022295775145523278
0.0279104617573884,0.028317768776635527,0.0021388135497386607,nan,0.0018473112782050327,0.004808927333046387,0.002159972047248049
0.031011708726397247,0.030544693233421183,-0.0030064961277425084,nan,0.0007505733528544445,0.004928287367654494,0.0022579533822281173
0.031093672970807285,0.03062736323733009,-0.0028913782619053308,nan,0.0008323022769672894,0.005014736595063907,0.0023417394786934276
0.031252938682592324,0.03078579079649771,-0.0027881652864729656,nan,0.0009760305553719872,0.005169076201891887,0.002437696833047065
0.031357899968066094,0.030890259282149807,-0.0024984846871731747,nan,0.0012221839979449367,0.005414511441831138,0.0026994219535962927
0.031229457625381374,0.030762704092921866,-0.002565781171603998,nan,0.0011362145117506106,0.00533628863526725,0.00333405610476023
0.03126134154588023,0.03079459172512128,-0.002657309709005351,nan,0.0010672363275031627,0.005254163104620346,0.0032599099840291412
0.0312718967133947,0.030805259855100464,-0.0026571825888339617,nan,0.0010688054210217235,0.005256881931615887,0.0032599628623745103
0.031273029318645035,0.030805679974829192,-0.002985015697514526,nan,0.0008204297222222934,0.005019114921629431,0.0031709752658152235
0.03532370102222271,0.03400819581309128,-0.002927628421403261,nan,0.0008837262033463134,0.005081490591331672,0.0032289754076675337
0.03529177886768933,0.03397590875232934,-0.0028042088340409776,nan,0.0010295871777543653,0.005231069838282032,0.0033415667729067566
0.035187137789337686,0.03387104238077848,-0.002860697684767821,nan,0.0009676920946048995,0.00517267972890556,0.0033031401518373027
0.034973968045868775,0.03365900473673705,-0.003085852642997322,nan,0.0007048114322820709,0.004897947969110805,0.003083434998627177
0.03246358653842024,0.03137667474548936,-0.002899959576859845,nan,0.0008814016197284946,0.0050860601016274876,0.0032190923284109996
0.03244875649316334,0.03136255969100751,-0.0028836297436243274,nan,0.0008919352329453956,0.005095667559789074,0.0032505379644215404
0.03239563701459036,0.03131117095080446,-0.0028477140560312364,nan,0.0008906869296079201,0.005134356488347258,0.003279452935739502
0.031681331355068953,0.031242721010273894,-0.0031498246327464896,nan,0.000603043389967084,0.00482044807766524,0.003026410545931224
0.03177369259020715,0.031335007237474094,-0.0031534642315702577,nan,0.0005956740854463627,0.004810007067189037,0.0030234218228667453
0.03597210477744717,0.034666649298781244,-0.0031229990590472267,nan,0.0006367098278641237,0.004858154165622075,0.00303010887575772
0.035981880304225805,0.03467595877247154,-0.003134392983207279,nan,0.0006237048137983647,0.004844566925982341,0.0030168123776931344
0.03635652599377698,0.03503024402526822,-0.0030295369079593737,nan,0.0007130052296784317,0.0049390671272051545,0.003116967544060989
0.036436396542520955,0.03510877820932509,-0.0029260951347678255,nan,0.0008202097861708113,0.005043181616505521,0.0032180698082795445
0.03648274166247911,0.03515781690824854,-0.0026734991724342017,nan,0.0011038023304641431,0.005336436038142267,0.0035057870039112426
0.03653544482537499,0.03521043397972906,-0.0026320981413814337,nan,0.0011435749543342588,0.005365643666056741,0.00354867012106741
0.036703702494205126,0.03537690980302566,-0.002378656668708179,nan,0.0014875417621719178,0.005682698825087762,0.003755458567801462
0.03657195366175517,0.035246184473215314,0.011207901396481201,nan,0.013419240306692837,0.014407523976966985,0.013814793309410267
0.0365593079881294,0.03523376791452565,0.01199853588089106,nan,0.013476079147514586,0.01446039236539276,0.013859149708733143
0.03632897718237915,0.03500193538816013,-0.01018734930021914,nan,-0.0029503452461057122,-0.0007534326893370302,-0.005548246035256277
0.0362263043451701,0.034900280432936276,-0.010299514738403515,nan,-0.0031114632925159924,-0.000894861717774198,-0.00562132404301785
0.03587089646357519,0.03451846533787231,-0.01036545413953871,nan,-0.00316912045152673,-0.0009557712512300309,-0.005695836060762183
0.03092378862503603,0.030598978593972426,-0.009908346459495676,nan,-0.0015951215052556478,-0.001173177387590707,-0.0016428620940970307
0.031028977745970188,0.03070481641618525,-0.010044284309271623,nan,-0.0017615555142016515,-0.0013298692082475139,-0.0018560261217088758
0.030864678275440455,0.030540972149754847,-0.010155347878857302,nan,-0.0018909275821722416,-0.001449573145461569,-0.0019734720763242564
0.030758265191432294,0.030434613355645374,-0.009883123388801707,nan,-0.0016655798481354234,-0.0012252819012268379,-0.0016248686750666153
0.031047053777189443,0.03072341134654355,-0.027063156108900976,nan,-0.015642642678220575,-0.01848282001876378,-0.01849092545596842
0.031012147400239137,0.030688356813508982,-0.02704778861414492,nan,-0.01562772078850927,-0.018473979511204774,-0.018477669807187902
0.03117314759387213,0.030848027374013737,-0.0271622000829026,nan,-0.015585659257782991,-0.018458306455583995,-0.018630757000364206
0.031162632186018502,0.03083748266478145,-0.02721105189953088,nan,-0.015649780699099614,-0.018528413956309775,-0.018697636406905804
0.03116485710249811,0.03083860436246244,-0.027288125994810564,nan,-0.015705837071553153,-0.018583929277651956,-0.01874947206521871
0.03117529877577696,0.03084897996252864,-0.027299200026744908,nan,-0.015723521729690493,-0.018599974176789713,-0.018761075307689
0.03547271181693665,0.03476454148403721,-0.02733744071524946,nan,-0.01581790165385799,-0.01869278189463497,-0.01877949156754566
0.03571232560685783,0.03500358777673926,-0.027289852658416214,nan,-0.015743189225451037,-0.018608270328577148,-0.018711941180923786
0.035706106860810605,0.03499733993974488,-0.027305319395180883,nan,-0.01576370221601786,-0.0186288293155652,-0.018724929113017708
0.03543721167497485,0.03472891717762838,-0.027469261741102313,nan,-0.015954116936442886,-0.018827044253705516,-0.018842325214739386
0.03539569792197084,0.03468813522395464,-0.02655846939004647,nan,-0.015119528440790453,-0.017989130700367895,-0.01791907394859893
0.03420489310701452,0.032848734600064544,-0.02663098314119683,nan,-0.015172905169601125,-0.018035939604616802,-0.017970092782508718
0.034227248227155005,0.03287089081612357,-0.02660079485213629,nan,-0.01513569071502352,-0.01799799671413682,-0.01793148654589516
0.03404063594250831,0.03268439422499708,-0.02659587697486454,nan,-0.015120800161791514,-0.017983751339582632,-0.01797272529909688
0.0340666449894137,0.032710283785356176,-0.026674630991909476,nan,-0.015190672246357062,-0.018052481101340834,-0.018052360718740945
0.034094837217301305,0.032738535996874873,-0.026668777746540306,nan,-0.015167513296255541,-0.018033251447607146,-0.018046971855822602
0.0348370353645433,0.03350339522199072,-0.026841753095861343,nan,-0.015327348259775775,-0.018197511306548564,-0.018253217154237222
0.034862188045721165,0.033530176580165216,-0.026556359673373775,nan,-0.015031707372681558,-0.017906610354878616,-0.017924916677501512
0.034871387328658465,0.03353923624910174,-0.02642656136031185,nan,-0.014865523326395014,-0.017765734848862236,-0.017799330697495175
0.03484387888450591,0.033509716856611804,-0.026757251729871645,nan,-0.01520671449095623,-0.01810125773112381,-0.01818303150153977
0.03485997868609381,0.03350341192010306,-0.02654013763968277,nan,-0.014969032730181353,-0.017865544378112497,-0.01795282463928982
0.034878418801015304,0.03352106225046489,-0.026555279511651042,nan,-0.015020847139519455,-0.017918701996128883,-0.0179054670104285
0.034829016970529786,0.03347237580615578,-0.0265364169227027,nan,-0.015003897559238033,-0.017898924616551848,-0.017888937646918457
0.035070909049925686,0.033716063295646,-0.008266937654320516,nan,-0.0004632996792330868,-0.0020495335241673684,-0.0011238617543134488
0.03507713060296663,0.03374637844494771,-0.008229368569529716,nan,-0.00043559778811697036,-0.0020255810372481475,-0.0010454809400637366
0.03528592264441133,0.03395478202187707,-0.008250162995179,nan,-0.00046156420474752213,-0.0020568233088319454,-0.0010581528802310336
0.03538062483084936,0.034049936813024984,-0.008107899642292193,nan,-0.0010400491441344695,-0.0029563846578799513,-0.001197083961901435
0.03539058955376281,0.03405995709197818,-0.00808190357995775,nan,-0.0009990329872141546,-0.002914552144104743,-0.0011809577421107997
0.028130002921901265,0.027574258362343035,-0.008029375665622673,nan,-0.0008910023333369432,-0.0028081447383352387,-0.0011330670161053824
0.028140630157631158,0.027584785053553246,-0.008048638748144099,nan,-0.0009129151028666183,-0.0028282403525400346,-0.001158419581639314
0.028140630157631158,0.027584785053553246,-0.008048638748144099,nan,-0.0009129151028666183,-0.0028282403525400346,-0.001158419581639314
0.028142119133753613,0.027586663665401717,-0.00810081626408865,nan,-0.0009603234792627813,-0.00286980956415539,-0.0011841294414315362
0.028015814953733315,0.02745960937291464,-0.026015800783527276,nan,-0.014405267303597702,-0.01730663532257548,-0.017384184461260888
0.028015814953733342,0.027459609372914612,-0.026015800783527165,nan,-0.014405267303597702,-0.01730663532257548,-0.017384184461260888
0.02765494634199711,0.027100451217387994,-0.013785271351484885,nan,-0.004892258977793995,-0.004066900555650954,-0.007777869386560221
0.02769854434112179,0.027143932325323,-0.013669437261746409,nan,-0.004802951901886732,-0.003979321852000117,-0.007715198749668306
0.02766811158971469,0.027113802533537817,-0.013648042006011107,nan,-0.004784885060198585,-0.0039605324604422565,-0.007695275022988501
0.02764968251093569,0.027095301703103924,-0.013652241664909193,nan,-0.004807756355651893,-0.003979834337329846,-0.0077004522853120205
0.027618518092383054,0.027064339692880607,-0.013594628847319656,nan,-0.004766748610327554,-0.0039477318857684685,-0.007668713374798908
0.02759912156192837,0.02704545830541305,-0.013580910924540168,nan,-0.00472193773256524,-0.003902485366949371,-0.007696794582410127
0.02740154531660821,0.026850791787554562,-0.013569165732286281,nan,-0.004676124808445814,-0.0038543606411894915,-0.007680891639202381
0.027422486429793308,0.026870665444337166,-0.013311794081435346,nan,-0.004390545428233583,-0.0035777907660067276,-0.007393540235348772
0.02733932870284278,0.026787744548996018,0.0029170968797597174,nan,0.008581988353016268,0.008123038056618959,0.009959845426467995
0.031009438641576292,0.03042180562029237,-0.004016901081139945,nan,0.006732910264299563,-5.141578219303167e-05,0.006751830414872262
0.031058266460569472,0.030469841120860153,-0.004054686438012101,nan,0.006691167995025782,-8.920089824293598e-05,0.0067001184497194055
0.031115884480472117,0.030527144966422504,-0.0040985034967744305,nan,0.0068064533194148735,1.5870539901596814e-05,0.006840357849517309
0.031043058002960283,0.030454419677443056,-0.004134713617547914,nan,0.006707511715092984,-8.52762469440993e-05,0.006896388631093098
0.031366841544705176,0.03077739907993346,-0.004234554733125062,nan,0.006621479951921083,-0.00017103081486347094,0.006841857733082324
0.03129536370293237,0.030706271140200803,-0.0042509342733064726,nan,0.0066756474053294435,-1.7128413859701652e-05,0.006979799648584639
0.03133492883546832,0.030745120722511815,-0.004230706210268886,nan,0.0067278389054962195,3.267257316075245e-05,0.006971890104731648
0.03141868979586429,0.0308286497297737,-0.004298433472407437,nan,0.006615971866121173,-7.452373838046089e-05,0.005103123163250567
0.031417346037808935,0.03082725395652186,-0.004321027119311038,nan,0.006593937353901902,-9.900841595955612e-05,0.005085406590224162
0.031417346037808935,0.03082725395652186,-0.004321027119311038,nan,0.006593937353901902,-9.900841595955612e-05,0.005085406590224162
0.03132719628466216,0.030738534652773847,-0.004249550490106668,nan,0.006712723612927851,1.1572024527284341e-05,0.005171274821844318
0.031134605355385203,0.03054684307752567,0.004412599499245218,nan,0.007580460999397243,0.007764330661864327,0.006818565278766786
0.030981651666523474,0.030392876959002557,0.0028084238963860253,nan,0.00768168058748997,0.00784631876807318,0.006956171414346013
0.030996412140023077,0.030407405474515675,0.002809715770051513,nan,0.0076796373406218255,0.007842344529712664,0.006956668717509995
0.0310716807244501,0.03048197870708172,0.0029041394312283586,nan,0.007775655999119668,0.007939570115910954,0.0070477019490147175
0.027406568062771558,0.027114633724219878,0.004618167447691501,nan,0.0085217213013703,0.01084224003651102,0.010535725968862097
0.022308363752937876,0.02200654459477902,0.00461807572739481,nan,0.008534161705514465,0.010857066269653992,0.01056154316737734
0.022446731838632328,0.02214444206212135,0.0038439073215170705,nan,0.00811684467064322,0.008288003957134582,0.010902054256097027
0.022531722987228636,0.02222956781832572,0.00393603499602635,nan,0.008204965474289283,0.008378950623746717,0.011006823834100454
0.02242577923349451,0.02212500912364032,0.003057167810859518,nan,0.007311328559926333,0.007496995150697128,0.010243133909821789
0.02242577923349451,0.02212500912364032,0.003057167810859518,nan,0.007311328559926333,0.007496995150697128,0.010243133909821789
0.022766383817552804,0.022464618505579237,0.003992662632717248,nan,0.007175153415622915,0.007374788603131344,0.01008362608597646
0.022771915050782215,0.022470206290419903,0.003971441404703513,nan,0.00714739332032388,0.007350571634396008,0.01005968880199215
0.022778067982354933,0.022476495393848356,0.003991944213658338,nan,0.007170893064236017,0.007371926389760364,0.010086173122597186
0.022223512902267484,0.02191592338719825,0.0038146358591371055,nan,0.006992907294289585,0.007190392040420934,0.009861373830139186
0.02233807918424574,0.022030204429415612,0.0037722399112564142,nan,0.006950488533355115,0.007157656360337383,0.009829981900947748
0.0223576879569361,0.022049546346976062,0.0037636151381935656,nan,0.0069367796683622585,0.007145289391042975,0.009826906982393746
0.02236615001621234,0.02205807951114455,0.003834880940166485,nan,0.00699427840314204,0.007207976955816431,0.00989216131713011
0.022388028672961746,0.02207995018889719,0.003800126616107735,nan,0.006958107200513708,0.0071615239082463145,0.009881566051645807
0.02241208521011509,0.022104401607382723,0.003795463699910795,nan,0.006940459794656406,0.007146113579185265,0.009914870358446959
0.0225705777128353,0.02226224128499371,0.0038997819089461316,nan,0.007050733165504974,0.007252639122880988,0.010021764619214668
0.022837304826560906,0.022527370528695356,0.004868451852804934,nan,0.00821429044948263,0.008775740066131021,0.013196133929999299
0.02286771933101736,0.02255606293627238,0.004785533450846313,nan,0.008078547733859076,0.00866975039572282,0.013147974739922574
0.022866742271672735,0.0225549961481199,0.004710480790047877,nan,0.008017121163807928,0.008626820548928715,0.013135027331022231
0.02269012474050988,0.022380378894705955,0.004624302560078286,nan,0.00791839345753842,0.008551277974715332,0.013044546812177815
0.022527616863616512,0.02222139786863958,0.0045764135957908625,nan,0.007840043901200633,0.008477458800151827,0.013004716551654472
0.022529778383917592,0.022223511917669275,0.004586041389194162,nan,0.007845756228945455,0.008482998359805594,0.013012030829496535
0.02258564110802508,0.022279690099206217,0.004689270232863474,nan,0.007962295280864895,0.00859822829342527,0.013057191256741207
0.022621059243268904,0.022315230376250494,0.0046981025944897725,nan,0.007968932250109528,0.008607413498531447,0.013065164025652387
0.022671169650596623,0.022364768751618636,0.0031091872000268417,nan,0.005681668099518977,0.0057423461075361,0.00357085231550458
0.02282881046239038,0.022521120240378167,0.0029602171325884274,nan,0.005494299588236773,0.0055528241160661684,0.00340713553308436
0.02280329160650718,0.022495750053477676,0.0030150408147866514,nan,0.005578969664744804,0.005634231127045974,0.0034772607229989205
0.02244695066320085,0.022141062981292092,0.003098232973517856,nan,0.005652325039188222,0.005719992140488905,0.0034933152034570814
0.022710630045828656,0.022403671320007534,0.003023260039430875,nan,0.005563235819772694,0.005621801275854543,0.003456436710403965
0.02276635830648782,0.02245845101473043,0.004833282906274716,nan,0.005599132467007384,0.005655400088380613,0.0034981080739694415
0.022777712819508023,0.022469694052744543,0.004817152201917918,nan,0.005524016959563949,0.0055778110054178764,0.003490707693869388
0.022785559963149266,0.02247752787314486,0.004823746735427736,nan,0.005532318288428706,0.005585159299420495,0.0034972604668935814
0.022801213976085144,0.02249306219186456,0.0048552266231062235,nan,0.0055684185676323494,0.005621302524388971,0.003502781192074922
0.0228102629245803,0.022502077518147756,0.0048637367492836425,nan,0.005595917128483507,0.005648779515352698,0.0035075024540115463
0.023771384667285622,0.02345235983553523,0.004936954384277326,nan,0.005666950850335195,0.005721822420321709,0.0036005111786531208
0.02374357902654503,0.023424486503174607,0.004954251729703207,nan,0.005679955349026877,0.0057347841262640475,0.0036193476564249094
0.02374357902654503,0.023424486503174607,0.004954251729703207,nan,0.005679955349026877,0.0057347841262640475,0.0036193476564249094
0.0237669849481649,0.023447193790587822,0.004920023565572418,nan,0.005643125321678433,0.005697432510154532,0.003607879539523018
0.023672478277608294,0.02335440891160187,0.006638830131865614,nan,0.00550197730217461,0.0055656739429444935,0.0034722486634749528
0.023483150901786265,0.02316618681232202,0.006555451890586261,nan,0.005454362567329452,0.005518849521709446,0.0033791603023439754
0.027736557561087782,0.0274435194551228,0.006570224592555296,nan,0.005463604464096883,0.005529978369862465,0.003390967216294838
0.02775215380515636,0.027459717918701554,0.009395178179825492,nan,0.010143996412256828,0.009104015348865069,0.017465273155124694
0.027748680021060124,0.027456196823955697,0.009408166993272293,nan,0.0101436400086099,0.009105483763283129,0.017452265764701935
0.027760830141397908,0.027468792345961918,0.009463771100311158,nan,0.010187493323111863,0.009148501589666513,0.017525894761869387
0.026014341006807495,0.02574332843535712,0.009439743559555125,nan,0.010167463908279717,0.009137046700600449,0.017499016897190245
0.025906965774248475,0.025635959464816616,0.0066816384874571755,nan,0.009437726613309882,0.006983757624488773,0.012192841659897091
0.026057022037735633,0.025785592204328883,0.0069961838144741995,nan,0.005874699778641745,0.005936395738240341,0.005473578347574337
0.026061738146547386,0.02579050153729609,0.0069840642351521875,nan,0.005864611883702686,0.005928327423422308,0.005461249758540676
0.026000197989016927,0.02572911163725919,0.007190618592376907,nan,0.0060818487572659174,0.006146313244185575,0.00401975827064438
0.026002274076934145,0.025730724111780956,0.007189541734890836,nan,0.006100376795398099,0.0061584672019173725,0.004037402816385538
0.02358134279518026,0.02332645390769264,0.0071284763678556295,nan,0.00605721302894402,0.006113400407793734,0.003979768369908876
0.02476245320669912,0.024462966990555557,0.007163498723149697,nan,0.006092711474003365,0.006136245175902388,0.004017011528682168
0.024762453206699092,0.024462966990555557,0.007163498723149697,nan,0.006092711474003365,0.006136245175902388,0.004017011528682168
0.024651948280044245,0.024352898406328427,0.00710945433111887,nan,0.006013856589459188,0.006052574871147964,0.0039323938482832554
0.024650944813003922,0.024351853822444286,0.007002450403014504,nan,0.0059126216040376045,0.005953328524670454,0.0038721198679591007
0.02462875319324881,0.02432990281997216,0.0070193362831048045,nan,0.005912895868331991,0.005953207809565653,0.0038953757773153574
0.024521140126569085,0.02422325098186956,0.01184773029747177,nan,0.01166857052449588,0.012520624788117662,0.007123733421082412
0.029673326848501186,0.02937747917490996,0.01188077698180301,nan,0.011704328609841719,0.012560000766576485,0.0071463442164042545
0.02965387135204428,0.029358530690391182,0.011910058376194632,nan,0.011746025137865823,0.012598946870286842,0.007151708917816579
0.030119960608717633,0.02982279216072828,0.012468619744937626,nan,0.015637431172604077,0.013157047493773999,0.010295273982342201
0.029626985095841996,0.029331505928417795,0.011775446668254141,nan,0.011610205877584323,0.012468067634075708,0.006953745852802284
0.022671797503749785,0.02251726962919276,0.012887083267940858,nan,0.015667335039082575,0.01757564493904007,0.016836051034925137
0.022789491659762157,0.022634333928276962,0.012945714318167156,nan,0.015713891644700162,0.0176200421197108,0.016902172163625107
0.022810936621391054,0.022656449519257077,0.0129359932974078,nan,0.015697873882575264,0.01760554738974418,0.01689183466474209
0.023013549985019255,0.022858419033130545,0.01290949592088464,nan,0.01567803252559352,0.01757568967368961,0.016896778921824063
0.02028474829898133,0.020003150035715456,0.012903593548516001,nan,0.015665145035804295,0.01756187110202545,0.016894386113674553
0.022914681243634355,0.02276027789048013,0.012971055496915684,nan,0.015736802716079135,0.017637412534748043,0.016940039552664987
0.022941839782807727,0.022786092415173154,0.012936156798072695,nan,0.01569982430474892,0.01761251339342995,0.016899436241077037
0.022929309048949187,0.0227735326801706,0.012917782253195509,nan,0.015681548573237225,0.017593378733746556,0.016876679077610368
0.02295206353496182,0.02279630071047567,0.012878396253459767,nan,0.01564915307867787,0.017559084540782255,0.016846204837014822
0.022972557521197284,0.022816740250776013,0.012857396250317343,nan,0.015619875272977035,0.017533130730048252,0.01680709038554007
0.0230337351681498,0.0219831204199763,0.012877379108973463,nan,0.015641267495389632,0.017555806313143907,0.01683837013518763
0.02304168825212677,0.021990806096534365,0.012896512160645024,nan,0.015665137833620224,0.017579802687198054,0.016855719736272312
0.023025818513154134,0.021975167459141742,0.012912390150573771,nan,0.015690784830779014,0.017602619868942182,0.016874349323895643
0.02308171178136098,0.022030919694503937,0.012892832090659168,nan,0.015697523460678653,0.01760762760716239,0.016889636949668052
0.023174566531378338,0.02212101074018538,0.01582168593191302,nan,0.015702430085959285,0.01760747543421648,0.018858357318779717
0.020431291607208107,0.019384359727054934,0.015785989384449195,nan,0.01565724727008988,0.017567940320211806,0.01881090150177378
0.02043917565665479,0.019392427118068184,0.015810381583857502,nan,0.015674326923873494,0.017589282817636276,0.018848019925244097
0.02024163229544476,0.019196787964319256,0.015565658343279165,nan,0.015435155767502318,0.017340231585827537,0.01857889018269121
0.02023985991880492,0.0191943348341983,0.01557870922225868,nan,0.015450538554504067,0.01737667727557346,0.01857379921417779
0.021913302992488032,0.020745854484415682,0.015471800736990171,nan,0.01616305035320642,0.01827943857055425,0.018507638309103958
0.020164855670619902,0.019119060173648367,0.015043189318016625,nan,0.01357890008906526,0.01461919390646993,0.012415227687627373
0.02017746150266328,0.020025420250990994,0.015076447706844798,nan,0.01369269157294839,0.014732051886571784,0.015814099459498188
0.020361182401418487,0.02020846500412618,0.011823959504732917,nan,0.007187304018006713,0.007410082019638553,0.015346552461480645
0.020360165831995375,0.020207358998289987,0.01185520053736222,nan,0.007218254635725008,0.007442423533341902,0.015365993533833833
0.020278796604350613,0.020125960033298862,0.011754778121722986,nan,0.007137391738587184,0.007353851798053701,0.015265953664423404
0.020278436081768353,0.020125830513795684,0.0118441654323298,nan,0.007208825855661183,0.007422517185953659,0.012077918476725125
0.02044579875708316,0.020293760632799612,0.011993821700074347,nan,0.0067920101318384996,0.006528475703853842,0.010643010879642478
0.020037247200822422,0.019886395503371512,0.012120712783747267,nan,0.006887927656920478,0.006627018756783065,0.0107195321081347
0.020062937653534174,0.019911490191660802,0.012046059505996798,nan,0.006814237344936025,0.006550650681072745,0.01163722218272567
0.02003417932567897,0.019882789260287026,0.012078227585461399,nan,0.006845340426062885,0.006584365173803675,0.011681825658718337
0.02007272883708794,0.019920498727147823,0.012210941589478108,nan,0.008349699197518268,0.008214398347246021,0.014075942396799102
0.020119471877214606,0.019966924928708163,0.009397953852403829,nan,0.010096348564726187,0.0110768049912503,0.014057362778983284
0.02169099712723327,0.021697074014909334,0.00960782598273191,nan,0.010279991996496984,0.011252091658857433,0.014205880392329506
0.021820296743779805,0.021826130365542012,0.00963441522513786,nan,0.010302829360837151,0.011276524009897426,0.014238826024107198
0.01897546037222894,0.0190042298769319,0.009687096796238914,nan,0.01037356202431794,0.011347325817181786,0.014283617778047986
0.018979429170190687,0.01900819214899488,0.009790910937128916,nan,0.010366773596734657,0.010954743742133788,0.014284072362305333
0.018959603484733467,0.018988851988148064,0.009676919052976296,nan,0.010224120897339373,0.01081743938166102,0.01417017306897117
0.01889970028978183,0.018928061827691578,0.0058732565540052795,nan,0.010244493420660361,0.010851401443979225,0.011193897501192263
0.018836575005758166,0.01886633468942736,0.005630747134708125,nan,0.006809381453030561,0.006177106934720844,0.007168716467589764
0.018780249377211483,0.018811466821497147,0.005579607120877128,nan,0.006768145472024756,0.006135341489845403,0.007127847984726432
0.02067281210057148,0.020667201196970714,0.0056209848622493785,nan,0.00678348547263119,0.00615220622173529,0.0071677071020063154
0.02075226273595865,0.02074744516758667,0.007454473202707201,nan,0.006985994392638029,0.006351228171357581,0.00728907214448915
0.019798626106903278,0.01968499850914901,0.009106522301174036,nan,0.007422687653659166,0.007394826744547278,0.007283115914541671
0.019430366684483003,0.019317645940927025,0.009117997935090383,nan,0.007431774972229688,0.007397948056362513,0.007303095955761174
0.0193873090444652,0.01927464386735092,0.009118647271373237,nan,0.007427125609430263,0.0073961483300442055,0.0073014976708585255
0.019408286911612782,0.019295423746534757,0.009097673325422218,nan,0.0074143534862753935,0.007387820199166284,0.0072717133767921105
0.0195188823867172,0.019405459362745014,0.009080584257901037,nan,0.007397813525834573,0.007370577651755639,0.007287113317343774
0.021133664654302747,0.020948962941169658,0.009063586123308043,nan,0.007392679202786856,0.007352206722928023,0.007249352714631896
0.021144339037766136,0.020959010108842296,0.00751052176495226,nan,0.004899917954936606,0.0034398944584738134,0.007369799239206332
0.021071088357542983,0.02088590116757108,0.013132817652375284,nan,0.007866757242953382,0.007823783585743982,0.008298419029505455
0.02098309605661028,0.020798566998522783,0.013113602111977762,nan,0.007868149209336872,0.007826015479847293,0.008282530030399027
0.020976845928361965,0.02079226776651416,0.0131788499954828,nan,0.007939899279509444,0.007907339008106584,0.008341035030571708
0.02137270299740726,0.021185322556815656,0.013467199018513898,nan,0.008236663064206562,0.008202043257160674,0.008654484914739413
0.018138938329739063,0.01694625276420103,0.012779216885692168,nan,0.00713956592203302,0.007093756553732344,0.00812201735839857
0.018141397963274103,0.01694840953025767,0.013163896464735592,nan,0.007919568055583137,0.007872000645706145,0.008039833687140674
0.01813660699355557,0.016943616748952728,0.013163517891999543,nan,0.008037839330111596,0.008264041651178444,0.008053866096088269
0.01813660699355557,0.0169436167489527,0.013163517891999543,nan,0.008037839330111707,0.008264041651178444,0.008053866096088269
0.018199346048369897,0.01704078989447358,0.013010046178625778,nan,0.007871924912333017,0.008111151010984585,0.007895374456721393
0.015380500414563902,0.015172806023678043,0.013011233077415363,nan,0.00786038986296378,0.008097452828320417,0.00788968756064945
0.015366024811600237,0.01515841091273512,0.016168232110115976,nan,0.010038496442023481,0.009579809702877085,0.009983872990502074
0.017626225897665077,0.017127206567422698,0.016115113630880917,nan,0.010050834361945649,0.009579005455729983,0.00994576225067334
0.017626225897665077,0.017127206567422698,0.016115113630880917,nan,0.010050834361945649,0.009579005455729983,0.00994576225067334
0.01761522103689936,0.01711625106494538,0.01611708125602085,nan,0.010051210065241234,0.009581232976094256,0.009948102678573045
0.0175900277214964,0.017091161243654257,0.01610227491399452,nan,0.010025717062929873,0.009552520160161948,0.009948177660244362
0.017568510214386962,0.01706909098728457,0.016133408386296955,nan,0.010055957464419008,0.009582360787082522,0.0099847663710948
0.014275635490790611,0.013122751555170203,0.01614224161605471,nan,0.010048548841235183,0.009592935295158811,0.01001022313778055
0.014309414533952847,0.013156149509907622,0.01621234069024502,nan,0.01014030060733484,0.00968601922313872,0.010083638203670975
0.01426709261768161,0.01311352442913985,0.016210884123845082,nan,0.010145325563928886,0.009687731205971661,0.010073504940143585
0.014257534272374306,0.013104126219328577,0.016200033846300865,nan,0.010138528600648788,0.009680006984701728,0.010068166167112702
0.014254680030624162,0.013100492218627247,0.01709668285397803,nan,0.013380822858653496,0.015182777608348075,0.015956581603971287
0.014133463983099198,0.012980172142658897,0.017015829320007003,nan,0.013301743196954763,0.015104230479025316,0.0158675233118587
0.014177220742937896,0.013023713559899952,0.01699860638878048,nan,0.013289940519964794,0.015094648856134874,0.015845858787585487
0.014147836205647635,0.012994545159938531,0.017081548257774304,nan,0.01337452317374499,0.015176903846321754,0.015922664166374667
0.014163217948317819,0.013009899850037976,0.017043158593132546,nan,0.013343593780142493,0.01514289920589007,0.015889909127316915
0.014159550647092761,0.013006285079525892,0.017051403454769187,nan,0.0133592274269545,0.015157151496284493,0.01589592264628026
0.01416624554413462,0.01301298941296844,0.007065824466828574,nan,0.01023046166327346,0.008813653299801216,0.015941112186126816
0.01402101135321493,0.012869885660646563,0.0071546563104943894,nan,0.010287884636521638,0.008889276534831958,0.01602235363902116
0.013969725079294032,0.012818406617457478,0.0072007874921461434,nan,0.010334024856247126,0.008933521148582035,0.016081401046315946
0.014015919452492698,0.012865125994281024,0.0056106040244597866,nan,0.011136609528953123,0.009750373810732071,0.016415533570823815
0.014279691516170978,0.013127679072264059,-0.0015159897536918265,nan,0.008324423800172065,0.006573716317279321,0.009283861701378293
0.014222101127682296,0.01306942898709934,-0.0015749491837910856,nan,0.008258726127175153,0.006512149410129342,0.009179302407202772
0.014270230675712009,0.013117064376828524,-0.003404168678281083,nan,0.006948379732511167,0.0036667262151117708,0.009134032761138555
0.014370544960186415,0.013215905279767987,-0.00345152460022935,nan,0.006902841352630196,0.0036183718644234864,0.009091862636430359
0.014405899408329148,0.013251568415160536,-0.0032631521747676917,nan,0.0070193541248383395,0.0037337734476736717,0.009166837036715836
0.014526437836460376,0.0133713438161209,-0.003187703343564441,nan,0.007101863669731978,0.0038048824643577284,0.009254341805125632
0.014555591311050275,0.013400707377317744,-0.0031075701004378287,nan,0.008545481837120672,0.006332363192550372,0.009324404384574714
0.01343557038904869,0.012272779414942592,-0.003257151558072491,nan,0.008400003225400354,0.006191431851866214,0.009167919358370358
0.013626424039650697,0.012460548202077593,-0.0030881149192641955,nan,0.008555406061210746,0.006349225882843146,0.009384884109039038
0.013536560168986078,0.01229408492080919,-0.003275015094489353,nan,0.00833223452022891,0.0061318810980142135,0.009183176130218795
0.013536560168986078,0.01229408492080919,-0.003275015094489353,nan,0.00833223452022891,0.0061318810980142135,0.009183176130218906
0.013415780599512261,0.012173867988788223,-0.003375808483891962,nan,0.008224838681559543,0.006027309936407099,0.00907781457030532
0.013266305670142448,0.012027002303691553,-0.0036322455607639137,nan,0.008000375305515783,0.005801812092381287,0.008796994345445897
0.013015880007124114,0.011776069890187674,-0.0036475765256730464,nan,0.007973943659919436,0.004265340112984406,0.008766270068649828
0.012963747491497368,0.011725840544507538,-0.0036394731047978413,nan,0.006721202178771701,0.0026520037104429406,0.008409343967392235
0.01697070984982868,0.015854323573169876,-0.0036449659741324414,nan,0.00673632015120984,0.00265882405686213,0.008421644370748105
0.016851761121509212,0.015737281889791066,-0.0037729432472070057,nan,0.006617770064506923,0.0025391391392002305,0.008283296570376186
0.01711114529620092,0.01599655260516572,-0.0036861571049200403,nan,0.006741719896196097,0.002655347603546243,0.008441657886117504
0.019654345189546535,0.01969113346010487,-0.003668761475594362,nan,0.006756263916122052,0.0026709470797778856,0.008480220529602067
0.019659555837514386,0.019696332680468803,-0.0036435835626743573,nan,0.0067822955814200725,0.0026983240426211585,0.008513252679905325
0.01966157891982348,0.019697720037127414,0.003463779462440364,nan,0.007986118490371563,0.007435203769889709,0.008507099922582473
0.01975911882778225,0.019794412272502865,0.0022345282147765433,nan,0.008068626400939305,0.007519160853526996,0.008592963366991668
0.019749096044450437,0.01978437111124648,0.002225486869297022,nan,0.008051964365228481,0.007506220627750748,0.008582969723352263
0.01980309773735464,0.019837731959697985,0.002261082331571851,nan,0.008087995764320843,0.00753694729010701,0.008620993167398616
0.019875780738896287,0.01991068475742555,0.0021779742416790926,nan,0.008030198962850621,0.00748030771176722,0.008557254273104165
0.019165330593432617,0.019070254103995488,0.0021939880946083568,nan,0.008049778041782973,0.007495048663839876,0.008600029574438395
0.019137755941252527,0.019041889825253316,0.002350442415156362,nan,0.00824375660397858,0.0076555110886498134,0.008785918374240365
0.01910008085853543,0.019003987672293637,0.0023269172863898957,nan,0.008218895625653477,0.0076196395911838355,0.008752084540207705
0.019313095042536144,0.019214557516429392,0.0025152685309238754,nan,0.008446225290504539,0.00784074496698095,0.008953273070436807
0.0193021337255935,0.01920375803321181,-0.0031189700723028846,nan,0.002316253307423466,0.0030360452940544347,0.007262661136033244
0.01935864594495676,0.019259249142546397,-0.002942767992389461,nan,0.003742923433247558,0.006336491598301852,0.00741791992436569
0.01938250527778243,0.019283865689587537,-0.0035162828958094083,nan,0.003918627765615135,0.006514176296088969,0.008765906349997965
0.019413196192529236,0.01931452389219429,-0.0035025066467599952,nan,0.0039360408855319,0.006530834401300423,0.00880414224032744
0.019413196192529236,0.01931452389219429,-0.0035025066467599952,nan,0.0039360408855319,0.006530834401300423,0.00880414224032744
0.019199024040867207,0.019101759438349908,-0.00345386715082896,nan,0.00397673139145982,0.0065733120471600515,0.00883028432380839
0.019194107336679922,0.019097535619915562,-0.0012727580361713287,nan,0.006982861942443019,0.008439951459796258,0.010717039916178228
0.01914022528810569,0.019043862182902382,-0.0012588154096899729,nan,0.006989860817575688,0.008448286026689233,0.010703331274491079
0.019141372723676553,0.019044988371453908,-0.0006906499324564885,nan,0.007770848556082344,0.00842584462154794,0.01124840560317486
0.01909768196876968,0.019000874747168217,-0.0008547292761799108,nan,0.007654410940682199,0.008307758655689002,0.011172487367548833
0.020116091262642383,0.01999683742359898,-0.00082648163800636,nan,0.007690402750148317,0.00834312444649754,0.011206039130302603
0.019868287727954875,0.019750375839979822,-0.0006523059734768744,nan,0.007947121989072992,0.008601742425592196,0.011307867268174565
0.019868287727954875,0.019750375839979822,-0.0006523059734768744,nan,0.007947121989073103,0.008601742425592307,0.011307867268174565
0.01999878268210986,0.01988065569341335,-0.000618161331641609,nan,6.505615043683743e-05,0.0009286842648021931,0.006438389123593513
0.01995177696345718,0.01983327644056579,-0.0005974185648992547,nan,9.173994329481072e-05,0.0009615398574259748,0.006474297441977139
0.01997183878381434,0.019853199750385186,-0.0005858755039399588,nan,0.000704120977307876,0.0014473718790557477,0.006951773099947323
0.019873767656648306,0.019755953502336943,-0.0006441558199569153,nan,0.0006177655878871757,0.0013623336919079687,0.00689714630716165
0.019907365826643264,0.019789306626059072,-0.0004793178252052721,nan,0.00069546645226648,0.0014273982041571598,0.00692757937100974
0.013888984746528832,0.01390681289320489,-0.0004876021354787152,nan,0.0006614889670211177,0.0014055776802530673,0.006874230164776729
0.013877592217619222,0.01389552960124718,-0.000413816260120381,nan,0.000754174438622246,0.0014992690302041423,0.006941946572873281
0.01722938412761907,0.01812076252305156,-0.0004884558448163823,nan,0.0006430363274850803,0.0013871307348028994,0.006868612372510241
0.017087170538472418,0.017978189349177498,-0.00040462877038183187,nan,0.0007120340899858801,0.0014521171992487591,0.006904470973331356
0.017109576708114888,0.017999692455096,0.004449877053515405,nan,0.008691726531542598,0.008145454495099291,0.0070226374618107545
0.017081147813840486,0.017971219183221393,0.003824049443686306,nan,0.007972434772303694,0.007445391485771169,0.006591611412207987
0.01707652810602156,0.017966796439793153,0.0035071073815023945,nan,0.007634191782437072,0.007097170613138415,0.006203518639102179
0.017119607142694337,0.01800900935233135,-0.007365702397514551,nan,-0.004018919539636956,-0.004759807703621499,0.0010713095557358665
0.01713880271559906,0.01802822957627942,-0.0073872431040220565,nan,-0.004042712409638938,-0.004782992649571494,0.0010423870753440978
0.01713715747300157,0.01802658171875987,-0.007332098150887534,nan,-0.0040066939011521585,-0.0047491605362154354,0.0010462457689914828
0.017066202415619208,0.017956240626106734,-0.00732858302063133,nan,-0.0040033317516683375,-0.004744695518295594,0.001050573241309416
0.017084754363701382,0.017973682858455214,-0.008069577386085491,nan,-0.007819521278107922,-0.008533651025824596,-0.0009516782205933882
0.01720848497719299,0.01809682751440206,-0.008073531893672214,nan,-0.007813171651387951,-0.008522665137573382,-0.0009430418598993517
0.025865222705657165,0.026441896955292282,-0.007995916535576186,nan,-0.009654598576792406,-0.008470562009305849,-0.003758503604009311
0.025854210688434964,0.026430906488436184,-0.007914635061763264,nan,-0.009583861669685612,-0.008404193190240217,-0.003677385645900144
0.025861589123724438,0.026438002576745584,-0.00898694815198342,nan,-0.010490187240307813,-0.009347475374473446,-0.004249942096953285
0.025863500325930128,0.02643981883752175,-0.008982941054758942,nan,-0.010485689521222974,-0.009343160086765057,-0.0042538228824866575
0.02595299514613114,0.026528484144432207,-0.009003655516719111,nan,-0.010509839474463711,-0.009367473314530472,-0.004254591387095608
0.026018108599620393,0.026593358794984617,-0.009013654556355388,nan,-0.010517599089933438,-0.009379022048451757,-0.004254474004810382
0.02601227594040062,0.026587784539419207,-0.008709817418764088,nan,-0.010393258956831408,-0.009189782850581363,-0.004365250993987657
0.026002462760119083,0.026576733974365496,-0.004227504816843308,nan,-0.006634132662157066,-0.006690729705078002,-0.0035138415770307185
0.02599939045732816,0.026572871140087995,-0.0042692787477451866,nan,-0.006671303848600485,-0.006727067875648141,-0.0035765922542809747
0.02600281781915928,0.02657599599146318,-0.009745149350356086,nan,-0.006760477496480677,-0.006827159528614124,-0.005137432824637078
0.02600376459620657,0.026576899523177294,-0.009963699841012752,nan,-0.006758258306908016,-0.006825565954203694,-0.005243119204502156
0.026858281879126117,0.02657705836447999,-0.009971141212027357,nan,-0.006753254053227686,-0.006823712076873489,-0.005243389582926028
0.02692910452386832,0.026647289675966218,-0.010058890402032672,nan,-0.0068469032999024515,-0.006917202661714472,-0.005281820241924695
0.026914350740621984,0.026632576594409624,-0.010064617699631961,nan,-0.006852209925759523,-0.006920818661930617,-0.005288745970238318
0.026720080927961964,0.026441462977584318,-0.01048253467852156,nan,-0.0072826172121449595,-0.007349804001154481,-0.005788091155416786
0.026716823578309484,0.02643862761350224,-0.0047335599808941975,nan,-0.007134515081764992,-0.0071896477088032595,-0.004033964480283259
0.0266916839122833,0.026413016604895118,-0.011323749101228242,nan,-0.011151162690555383,-0.009934882883571694,-0.006390709414282658
0.02663029808768358,0.026351264529518387,-0.011452149331380834,nan,-0.011261646189768104,-0.010042498851256965,-0.0064814958774832565
0.026640990139318477,0.026362479878348916,-0.011454263922935026,nan,-0.011264341599634964,-0.010028906646970093,-0.006490654201586565
0.02659822941695894,0.026320881279297187,-0.009464693683481351,nan,-0.00893529873719423,-0.00752433477725567,-0.0065545593551832315
0.02653738913861281,0.026260436033571782,-0.009505422128793017,nan,-0.008984196725360216,-0.007565328261498139,-0.006598295311425417
0.02657685997676182,0.0262995090654721,-0.015671430557571697,nan,-0.009084645818274173,-0.007690950266249774,-0.007821492029079224
0.02637743505620868,0.026101174889203466,-0.015822603173727967,nan,-0.007957774585359179,-0.007923985377590093,-0.008043942904646384
0.026358643490710043,0.026082505514007787,-0.01581553016582027,nan,-0.007951527946354009,-0.007920841826916991,-0.00805286011325268
0.026442452362191032,0.026166707217509355,-0.015693118424809804,nan,-0.007833355099522876,-0.00780357658744657,-0.007963905828252571
0.02662523674202541,0.026348013219201216,-0.018726906904730334,nan,-0.009275513577051475,-0.013634243715609506,-0.008051953364968889
0.026641765248601512,0.02636492172101526,-0.018791109417881646,nan,-0.009347520845313317,-0.013704583361725753,-0.008124328853159057
0.026553430474948486,0.026276627180429002,-0.018452775021417955,nan,-0.008930007437776277,-0.013295147028408838,-0.007824184941971457
0.02658397128501047,0.026307241434636502,-0.020826065434686347,nan,-0.008914336157317848,-0.010918325581903532,-0.0077861478210733415
0.026599187337443098,0.026322776455900337,-0.020930007634416214,nan,-0.00901703661803488,-0.011026083365864081,-0.007871909678454081
0.02658709025704778,0.026310995061048198,-0.020923739978919498,nan,-0.00900895000677715,-0.011023475382845316,-0.007861290870121884
0.026587312879446656,0.026311095852578043,-0.021022266657870325,nan,-0.009075846405610433,-0.011098065068355312,-0.007956488517057103
0.026474592583957957,0.02619783105809753,-0.021242953173711165,nan,-0.009326785395014303,-0.011354115419935473,-0.008116172879689243
0.026510991181322524,0.026233844569153536,-0.025349798958206327,nan,-0.01705227343390503,-0.022083917508872064,-0.016100121199495776
0.026663506974674178,0.02638379390435125,-0.0250425875546062,nan,-0.016773237313637335,-0.02180548604375121,-0.01571897803612865
0.026702601118510666,0.02642239394493015,-0.006698146614779632,nan,0.0012122780058081428,-0.007030766288532497,-0.001579929532004476
0.026709670428921195,0.026429650149956352,-0.006713921597673922,nan,0.0011977252148092088,-0.007044855296653441,-0.0015956270786890991
0.026767920288959884,0.026487602936337534,-0.007901557297910422,nan,0.000346078999757804,-0.008043586191977314,-0.0015537380069722273
0.026753927475265116,0.026473858134098416,-0.007885207752843515,nan,0.0003657164885272346,-0.008023423907856486,-0.001529098069182555
0.026814704494398822,0.02653397889840714,-0.009036042863971305,nan,0.0003143260443287943,-0.00806060548253873,-0.00158314452806263
0.02680038247124683,0.026519467775490718,-0.00906540558316693,nan,-0.0007176902974310728,-0.009061648857767834,-0.0024630310562979707
0.026773010480167225,0.02649252430637164,-0.009061438151902967,nan,-0.0006757356281095195,-0.009032622342950325,-0.002474180344735566
0.026793097283666995,0.026512297091337456,-0.008948748224057002,nan,-0.0005730395675717093,-0.008929208180736725,-0.0023710906416850586
0.026819799487200924,0.026538622850633103,-0.0064108916491489865,nan,-0.00020929362415023078,-0.0007068983202244139,-0.0024409221069804365
0.026647013870267244,0.026366672085679416,-0.006436586113128917,nan,0.0032896034386076245,0.003134133530386829,0.0007364472939592748
0.02649430922304022,0.026216316343485063,-0.006762600911816019,nan,0.002947724155498044,0.0060789911796543805,0.002691694530098432
0.026493929090757234,0.026216156803425567,-0.006901698638602238,nan,0.0028022882433842433,0.005933901244723483,0.002622458887568846
0.02648397523927995,0.026206167856411916,-0.00689228689089838,nan,0.0028253070025169302,0.005955027570327065,0.002621467877792938
0.026484522066883426,0.026207055155684528,-0.006800080507948336,nan,0.002895509752552261,0.00603856551031301,0.002707651637854913
0.026563441001523858,0.026284603058481237,-0.006830376182012543,nan,0.002844938488357207,0.005989196510130079,0.0026785697486827464
0.027073262428828238,0.026794753028813595,-0.006886957754085099,nan,0.0028547572634542995,0.005996386849833835,0.0026808544421029756
0.027073262428828265,0.026794753028813567,-0.006886957754085099,nan,0.0028547572634542995,0.005996386849833835,0.0026808544421029756
0.027076340048501818,0.02679787475076109,-0.0067949725056742905,nan,0.0028833554940582706,0.0060367847470417235,0.0027810644677831453
0.02707551522097651,0.026797032659198056,-0.006780496493079102,nan,0.002921860305247881,0.006072229063993184,0.0027989861664694526
0.027136277284339316,0.026857834952078052,-0.006730846480940578,nan,0.003040383645363298,0.006184446952938405,0.0029171988335955357
0.027026290737569514,0.026750552558493984,-0.006814867920800438,nan,0.0029619462691750087,0.0061101902154150345,0.002846830337679851
0.027022099924778886,0.026746253844698364,-0.006776326059662496,nan,0.003026060760854321,0.006177572243148188,0.0028467685370905382
0.027034880903214542,0.026759015545407133,-0.006798097733521913,nan,0.002993571160473607,0.006145967969659272,0.0028295621866818443
0.026976377459007828,0.02669968664984515,-0.006852910676415802,nan,0.0029403446526633514,0.006091917770696398,0.002722696100023625
0.026928351647083265,0.02665288833243587,-0.013611408516850387,nan,-0.004218768152315366,-0.0013264526893924655,-0.0013337338044367986
0.026952253568088308,0.026676752418132527,-0.013559946374028575,nan,-0.004168105357977514,-0.0012753297776275652,-0.001280787841085762
0.026747579173357044,0.026474061871518906,-0.01366803003495487,nan,-0.0042785041882527075,-0.0013783643237432752,-0.0014008703064478656
0.026748459462885843,0.02647523154327222,-0.013649676977376402,nan,-0.004260398338502447,-0.0013567809503961525,-0.001384752082819185
0.026755032087269953,0.02648187877170466,-0.013717212221220576,nan,-0.004336985757114276,-0.00143723983285593,-0.0014304822068378353
0.027003034250448504,0.026728008931806657,-0.013751673671598241,nan,-0.00437233711410101,-0.0014757906899917073,-0.0014313076221550425
0.026984184716783904,0.02670890823704114,-0.013765208485556402,nan,-0.0043799888888704785,-0.001481677059678721,-0.0014466053932925549
0.027007299708979693,0.02673139864548485,0.00039984924676916833,nan,0.005952077591988458,0.006015214264751156,0.002597691466568741
0.026972090852594777,0.026696495584417473,0.0003509628539112297,nan,0.005900739296673674,0.005963879381936321,0.002552740789109942
0.02695894989384351,0.026683603055182026,0.0006604902066685847,nan,0.006156121020879257,0.006238837511864936,0.00290556133057418
0.02696025685662079,0.02668479127915957,0.0005753813887270365,nan,0.006087280006755846,0.006164178495751793,0.002844074860143486
0.02691388662178043,0.02663859586076589,0.0006229669429097529,nan,0.01065687210868671,0.0061950148347649225,0.006012499969369367
0.02688245679451301,0.026606972268156115,0.0005732358285608363,nan,0.010611661194527722,0.006148676170801726,0.0059663111955647885
0.026888620610496017,0.0266127292838923,0.0003825612501728859,nan,0.01039259685871452,0.0059568937901366414,0.005735758418644266
0.026903093087135788,0.026627266850211356,0.00037892259326754996,nan,0.010390037134207386,0.005954435834936822,0.005723116192215771
0.022672537443573615,0.022584190656482928,0.0003537279958821804,nan,0.010367191395445619,0.00593047417335868,0.005695645946073302
0.023702901342025434,0.02306778520347863,0.0003685017401329205,nan,0.01037617363933907,0.005936490217179902,0.005696360312059112
0.02354158639829737,0.022906771589617958,0.000259225803757146,nan,0.010199993678623898,0.005770138613455655,0.00558282155920975
0.02272000415797415,0.022939379054213865,0.00026661611246292516,nan,0.010203278854089781,0.005772471040570881,0.005590525490206888
0.02272000415797415,0.022939379054213893,0.00026661611246292516,nan,0.010203278854089892,0.005772471040570881,0.005590525490206888
0.022692132140022636,0.022911160018360216,-0.002966443139863828,nan,0.009049581001240092,0.005905303388139327,0.005717733549013282
0.02270229409364366,0.02292174237941816,-0.002922037457968374,nan,0.009111012349413583,0.0059761693356229495,0.005766207067107509
0.022713540769988355,0.022932703035916047,-0.003611903314037823,nan,0.006768079085907486,0.002180063232606777,0.0019282157472331196
0.02259920443082805,0.022818755195055912,-0.004175179446066379,nan,0.006543561288066768,0.004694178526691295,0.004373395066152641
0.022619380443436782,0.022838608822457196,-0.004190158434490221,nan,0.006535039239801366,0.004683673634988117,0.004362583259578168
0.022617583967372318,0.022836799227889004,-0.004197007902894012,nan,0.006527507251325226,0.004672957645723397,0.0043489466206471095
0.022578998317294097,0.022798483546447534,-0.004134326099746621,nan,0.006593863218467222,0.004735244595745147,0.004415058079870748
0.022586947595374773,0.022806938039170888,-0.004260695102937029,nan,0.006433818396095359,0.004600733023182979,0.004253125586037632
0.022565135409808312,0.022785266540764876,-0.00427145800016393,nan,0.006419894884240551,0.0045898710661873565,0.004240473317070559
0.02260825783604123,0.022827878076593033,-0.004320641755513721,nan,0.006359214559440218,0.00452891932931343,0.004187617455570503
0.02261603336098869,0.022835689084152455,-0.004307973272277277,nan,0.006384494301042265,0.004549585662098621,0.004234388461638816
0.02261603336098869,0.022835689084152455,-0.004307973272277277,nan,0.006384494301042265,0.004549585662098621,0.004234388461638816
0.022709969314452877,0.02292898923479006,-0.0034234072168832785,nan,0.006325298026640724,0.004429624332583648,0.004170532594660381
0.022870951872117407,0.023088812712553863,-0.003454449939946702,nan,0.006298255123723395,0.00440518964919534,0.004159535145370041
0.022752924175119676,0.02297231889756396,-0.0033363822205147997,nan,0.006427469875818659,0.004537854678276831,0.004282347603395076
0.026807843488603267,0.02664701480143497,-0.0026278715729856073,nan,0.007176939643519065,0.005274403103229353,0.00484623483725799
0.026807843488603267,0.02664701480143497,-0.0026278715729856073,nan,0.007176939643519065,0.005274403103229353,0.00484623483725799
0.026830186273523876,0.0266682689233414,-0.0026342883657944904,nan,0.007153609220752921,0.00525068488854552,0.004846040997467216
0.02785834538280252,0.027387169306304887,-0.002544289214667539,nan,0.0072692191687950825,0.005353996728682864,0.004931069384406794
0.02787877312456727,0.027405726654624152,-0.002343080075916215,nan,0.007487936233994352,0.005562180795979366,0.00514212994838803
0.02789321282061727,0.027421877987810206,-0.0027969616888696702,nan,0.00715226885100706,0.0052020374442236506,0.004712712245498629
0.02776812774916157,0.02729611760222908,-0.002600115998901198,nan,0.007218154142718092,0.005283068149505854,0.004849997357258773
0.027557312357879504,0.027087903541848313,-0.002724089768069926,nan,0.007089184994676367,0.005150078509640887,0.004702461059831187
0.032262473827108534,0.03163872057694106,-0.01636975317887368,nan,0.0031088565399446377,-0.004067572306572287,-0.004342244428298336
0.032141489716549176,0.031516848445142936,-0.016589338301299383,nan,-0.00782978277475821,-0.010497184459547726,-0.01024934976676084
0.032142107617973065,0.0315174722220638,-0.01659337972855257,nan,-0.00783453312615967,-0.010502016619927446,-0.010249227550038209
0.03214236894847797,0.03151788859180871,-0.016584519207751613,nan,-0.007826859804387909,-0.01049432959947505,-0.010239778848885939
0.03213538039883318,0.03151059220417543,-0.016607832596457817,nan,-0.00785251129856901,-0.010524605095050932,-0.010255832012659005
0.03212816178141323,0.03150404932982337,-0.016698167592094526,nan,-0.007974690544738872,-0.010641975593547959,-0.010376242527411206
0.032016051954534996,0.03139177499702492,-0.016723314933579925,nan,-0.00799548412636275,-0.010668502093047039,-0.010398949426190018
0.032016051954534996,0.03139177499702492,-0.016723314933579925,nan,-0.00799548412636275,-0.010668502093047039,-0.010398949426190018
0.027297792782779273,0.026828465003199214,-0.015709160178934867,nan,0.0031672956772273997,-0.004209924137665744,-0.004567254551694044
0.02727581872866039,0.02680735533824241,-0.015731849978801504,nan,0.003144558463705316,-0.00423113639153383,-0.004585579142190044
0.02728931527622802,0.026821376488826376,-0.01570666396909226,nan,0.0031773012825951907,-0.004183596554140023,-0.004570804785603899
0.032085295405759634,0.03146295981560235,-0.015440163346407743,nan,0.0036093207143459427,-0.003763021361573027,-0.004233160596562757
0.03201406230958276,0.0313929075112232,-0.015402411516949543,nan,0.003640923893905912,-0.0037330920680926916,-0.0041976085703931965
0.03202526531298602,0.03140399276187092,-0.016419462694700182,nan,-0.0035000061000605154,-0.010270234579982884,-0.006773302452620866
0.03215627784201586,0.031534409479560904,-0.02051866497895871,nan,-0.008683877165652887,-0.014955063945700564,-0.011526726708869561
0.03218678398090297,0.03156431915881097,-0.020419566157262814,nan,-0.008589805395766037,-0.014863128469414177,-0.011445945832985416
0.03215670883238847,0.03153416764607178,-0.023331552598460426,nan,-0.014643697527353727,-0.01822235123980831,-0.015609821162162474
0.03219022113120293,0.03156871880331541,-0.0231757939712236,nan,-0.01457569212156462,-0.01815555540143632,-0.015545604144099556
0.03341440553108513,0.03381463201310686,-0.023118049568378263,nan,-0.014497065622623095,-0.018084132303039513,-0.01550815053155652
0.03339408969356311,0.03379390650209005,-0.023021655541218045,nan,-0.014402536923798448,-0.017990070267259184,-0.015462896646868396
0.03336310572546236,0.033761970903888966,-0.02320696435699754,nan,-0.014494328951412894,-0.0180802748531933,-0.015549732113376624
0.033366380774235455,0.03376540711131237,-0.023207992781043796,nan,-0.01449314450581618,-0.018079580661727435,-0.015552071101619491
0.033368297543511644,0.033767235662624434,-0.023284183345355647,nan,-0.014596422334766324,-0.01818159099948935,-0.015643264219219577
0.03337044751654064,0.03376959807964741,-0.023288834428742522,nan,-0.014605005063675569,-0.018191030793767382,-0.015646890593623897
0.03337780761836326,0.03377689576048595,-0.019511066541980093,nan,-0.011035357361697917,-0.014683282466626202,-0.012347653816859983
0.033380734300572895,0.03377889166777434,-0.019597671215306534,nan,-0.011116028341397133,-0.014752580301055307,-0.012420131203105256
0.03350768279047023,0.033905250675323684,-0.019597450980524345,nan,-0.011135346731491302,-0.014769912109983241,-0.01240446288280117
0.031285428507364155,0.031014924232134478,-0.008333827921331638,nan,-0.006241872642895663,-0.007076811225814383,0.002367125195704256
0.031242020323796943,0.03097154708214117,-0.00830407525972432,nan,-0.006205388192464745,-0.007041922384422361,0.0023943142162150544
0.031314965757749946,0.031043625324184587,-0.008171462941458763,nan,-0.006061063973165637,-0.006925850709288972,0.002541490477228292
0.032492694268167865,0.031795454544709445,-0.00821026726784646,nan,-0.006172906292591707,-0.0069198437496904575,0.0026163439663141608
0.032397075913558726,0.03170103177039699,-0.008257258808379242,nan,-0.006216668394146363,-0.006964606440775456,0.002566773438675507
0.03236432593668315,0.03166877766249471,-0.008242614475119758,nan,-0.006195887060425842,-0.006944580341684992,0.0025684947760872268
0.03238502384927752,0.03169012274664737,-0.008067859887148643,nan,-0.006089975411819659,-0.006838552543095067,0.002709105691789837
0.033795347304445666,0.03244222810245739,-0.00801367429788502,nan,-0.006034353411282778,-0.006780663794094588,-1.2502043446049882e-05
0.03371646186494412,0.032363600119381386,-0.007974992761027533,nan,-0.005990523009654081,-0.006734825162074021,3.3373915180101577e-05
0.03370725454608642,0.032353602005146864,-0.008028312843619378,nan,-0.0060390570921715625,-0.0067936176165732665,-1.7020460688410566e-05
0.03371224624138855,0.032358378144396516,-0.007937477410448812,nan,-0.005932510242992017,-0.006692919627059757,3.9310098684186556e-05
0.03278263651321697,0.032064357916447794,-0.007913670770733905,nan,-0.005905590087856072,-0.006665963975684308,1.5064369826789381e-05
0.032783253281035346,0.03206509184413378,-0.007707182680806501,nan,-0.005738005271744839,-0.0065228991373489364,0.0002088310298715701
0.03290861363599418,0.03219021919503848,-0.007775622779997882,nan,-0.005818216634503881,-0.006603295346331861,0.00013567015960069817
0.03290337018411249,0.03218595565478177,-0.007735745800644067,nan,-0.005761273276582823,-0.0065549172369796516,0.00013613090702657704
0.033011280946660226,0.03229232449234462,-0.007647248441187582,nan,-0.005660831189306936,-0.006452424868880424,0.00024575873714205443
0.03666172739611334,0.03600735616325723,-0.007632764144954618,nan,-0.005633957493790476,-0.006420923701517034,0.0002566034515361082
0.03667390841509621,0.03601932365317412,-0.007692109157689586,nan,-0.005705880625356485,-0.006525721345099211,0.000202829634571855
0.03660494938226219,0.03598718221969968,-0.007704119299171364,nan,-0.005656254847303588,-0.006568747304636968,0.00012514141687292035
0.036569757289343835,0.035952430073948605,-0.007681581818168692,nan,-0.005597503211719257,-0.006510023381340879,0.00014924291465323591
0.0366935416111788,0.036075838651994846,-0.007701844813907788,nan,-0.005598804035560789,-0.0065095271741865135,0.00018436409232880369
0.03670671556877397,0.03608894810074284,-0.007731424835045186,nan,-0.005624766983960083,-0.006535081280012012,0.0001590732743248502
0.03672923653680188,0.03611128133866778,-0.007788447269933774,nan,-0.005680747113212425,-0.006589577741801245,0.0001160022160189289
0.03676353893313708,0.036144828911607946,-0.007742074273141775,nan,-0.0056388151216019144,-0.006542769907902257,0.00016819275342216944
0.03669252729765107,0.03607304272439493,-0.007381923039437632,nan,-0.005257194535738807,-0.0061613119824455165,0.0005386457905525166
0.03671429376959476,0.036094068891819375,-0.007320456243141593,nan,-0.005145484173523673,-0.006054306937508858,0.000581132052900557
0.02844915894279057,0.027522903981150038,-0.007551899076382984,nan,-0.0054377138158759886,-0.004025299227479628,0.0003837666613325519
0.028320981366647346,0.02739548386756896,-0.007774515122824788,nan,-0.0056546153351088035,-0.0042422211734870485,0.00011436066228698305
0.02827249477025523,0.027346984152943232,-0.007829698531077511,nan,-0.005711928063635852,-0.004166894463838666,5.998512680549517e-05
0.028268494331297495,0.02734318097487956,-0.00760933219163229,nan,-0.00552663975991996,-0.003969819469809677,0.00023755774149891717
0.028237642186417694,0.027312942232392334,0.00674795263275052,nan,0.00178493218924769,0.003669182526929604,0.000356265406556866
0.028371115825751525,0.027445176432481205,0.007027385632017991,nan,0.002109012886477357,0.003980739067257932,0.0006341474959912219
0.028368940019813327,0.027444484133180902,0.007238694014839231,nan,0.0023014528527801614,0.004228394502435506,0.0008308119188423779
0.028113659884686365,0.027190220460650283,0.00712926307466033,nan,0.002204755372341771,0.004124877100761037,0.0007026226866868601
0.02810610488024609,0.027183464141071367,0.007094049188767437,nan,0.002162063613089904,0.004088992021252347,0.000719704034419899
0.02822540306931204,0.027303508633747336,0.02459870796917596,nan,0.018288127558264367,0.017026223574194033,0.01698981402004307
0.028147690590389185,0.027226530584145703,0.024474837127117843,nan,0.018169240441097134,0.016925821676205155,0.016856453771355362
0.028238640744574106,0.02731684831906947,0.016713891642683554,nan,0.008851044601824398,0.007869074087264338,0.008247807193027423
0.02820230300871135,0.027281491755590692,0.016647915288241166,nan,0.008728295996100921,0.007750090484945571,0.008207237816176716
0.02823749414625079,0.02731701706930867,0.016717405361488025,nan,0.008780182886744647,0.00780101998396221,0.008271197489573279
0.0283279561173779,0.027407132866140965,0.01675151696442989,nan,0.008805091659776276,0.007822188446756306,0.008287844579314085
0.02822799449753094,0.027306921703686537,0.016672657938576196,nan,0.008719170732159998,0.007738392333116462,0.014212110932320332
0.028147470554019338,0.02722624211433139,0.016680463164802983,nan,0.008746791400035203,0.0077665965225613975,0.01422042539398316
0.02808547014394186,0.027164338968384716,0.016910994301286952,nan,0.008977159953692526,0.007993763995997272,0.014426551363476703
0.02810211349564365,0.027178944619816237,0.01665695360020747,nan,0.008760233365669112,0.0078028748650383895,0.014173390489707227
0.02798000634329717,0.027057966032585923,0.016540066641727136,nan,0.008612892045462672,0.007637740534941595,0.01402500848958499
0.02797970555264609,0.027057896698537975,0.016602124959628317,nan,0.00870288057387103,0.007716956641360184,0.01411887619117358
0.027869842688454244,0.026947559690322892,0.016535649425963306,nan,0.00863330354168057,0.00762475857338063,0.014010381450920262
0.027876695116847816,0.0269544264499669,0.016489912465855405,nan,0.008532260712193485,0.00752587533415805,0.01394700784526548
0.02789786857913154,0.02697515502644246,0.016469211445323095,nan,0.013486081581995935,0.018197799894825395,0.01392928038999297
0.027853040116372407,0.026930482488247337,0.019046759207140718,nan,0.01629162165583442,0.020702794921470202,0.01392548059306764
0.027890629224033153,0.026967654784213535,0.019007627245399283,nan,0.016261176188147264,0.0206701362895777,0.013864643785370445
0.02944258985705664,0.028757359481643763,0.019198309859698837,nan,0.016452192146703792,0.020852085102839202,0.014057513672966815
0.02941156595173186,0.028725633451011784,0.019140609359182048,nan,0.016396927810134687,0.020791401371484164,0.013981911259087876
0.02974361593636482,0.02867389873807577,0.018832346162044766,nan,0.016071148504621546,0.02053792061328763,0.013781662191121424
0.029736461944681408,0.02866667529906658,0.018781064913056866,nan,0.016009133976702006,0.020476809140357877,0.013717941627614527
0.029525834195556766,0.02845823457839447,0.018406097699610657,nan,0.015575429234396143,0.020057583052306538,0.01333536500110255
0.029608321941375776,0.028540710033412797,0.018384894268166474,nan,0.01359268158316751,0.017373598868932083,0.013331940328221603
0.02852036421664675,0.02823332609308718,0.018807547522280532,nan,0.013364025558984749,0.017715162719612154,0.013617399728124924
0.028502235927335057,0.028099574101406483,0.018876026243557664,nan,0.013452668799429857,0.017806068331730374,0.01369801808042137
0.02978053503829628,0.028710548302871203,0.018916661342776808,nan,0.013522718823203217,0.017834896958836444,0.013693752610237198
0.029473499378693868,0.028405599078110216,0.018295818731969615,nan,0.012889494423970027,0.01720465767390933,0.013047929610230602
0.02958043697696533,0.0285108244331988,0.0185172318826895,nan,0.01309528516884817,0.017400863219926066,0.013242231746037225
0.029493850854988457,0.028425112168347894,0.018486157791133606,nan,0.013073418411451598,0.01737730254554748,0.01321440707361321
0.029470753220453866,0.028402114726637034,0.018665991044809815,nan,0.013219284042129464,0.01749747281672387,0.013414775693684766
0.02628731475368229,0.025260699239159884,0.018511137351990392,nan,0.013044251722773459,0.017329047126367514,0.013246940733639523
0.026224873244518082,0.025198371340040993,0.015114527556021273,nan,0.015945549752443444,0.020304175054429163,0.007571281305731925
0.026222252265151402,0.025196045682659512,0.014929974722847184,nan,0.01578453161134874,0.020172002439782455,0.007356811121653428
0.026225209695126123,0.025199112181127997,0.014713718499125727,nan,0.015562035884341019,0.019944375455592578,0.007164229422038981
0.02598626716281141,0.024963401342178615,0.01467812929654766,nan,0.015466471530859227,0.01985055901665589,0.007169155901519564
0.02601613436988337,0.024993415802118446,0.018940128645643317,nan,0.015474323005709167,0.01985523260236499,0.007046182153525371
0.026066978987136252,0.025044106854675563,0.018951937909654326,nan,0.015497119580463847,0.019885813295686283,0.007084075182585581
0.026057187799552156,0.025034455363201036,0.018890711306256636,nan,0.015445838412682766,0.019839152135343374,0.007032340673206128
0.026161603657512078,0.02513858423831622,0.01894598483038956,nan,0.015498676121099897,0.01989261679788301,0.007097442459993664
0.023840782310112107,0.022856855429149364,0.019025537074302545,nan,0.015571062144632442,0.019962352266994055,0.007172468856082914
0.02388182051849652,0.02289820390059219,0.01898842700015113,nan,0.015533935185968906,0.019926372124146163,0.007164109240379801
0.020784461832625778,0.019907733539307637,0.019228624221631296,nan,0.015768954642589206,0.020160842721531957,0.007412767305352563
0.020754902400277386,0.019878734755388705,0.0187853219574573,nan,0.01570620008244117,0.0201016876665574,0.007358775293026865
0.020823654718348433,0.019947027822887403,0.01901361899641507,nan,0.01593717829446617,0.020333035033714864,0.007570681682757985
0.020816731486733353,0.01994021412999819,0.0190152511906021,nan,0.015924927847584147,0.020319572652505502,0.007580588282105061
0.02080773117272655,0.019931482421587293,0.019540990867191077,nan,0.02498766695370469,0.020877397439274414,0.014746656479917686
0.020850975279129574,0.019974111958027202,0.019515352889953208,nan,0.024959757702259444,0.020850377517999563,0.014704563515978153
0.020793445156889356,0.019917689666250654,0.019416611227527802,nan,0.02486040623377639,0.020755514094427552,0.014603876910319502
0.018481191468610464,0.018206511126348385,0.019342854322606073,nan,0.027179144405389544,0.02643564332694026,0.014546491210087109
0.018481774262621348,0.01820773392081748,0.019107215482881634,nan,0.026920972068859628,0.026128379993369588,0.014503001767232737
0.018365085890704486,0.018089699143753663,0.018811031222501273,nan,0.026615791601794336,0.02582515427787313,0.014193508461768256
0.0184198313607713,0.018143652550332123,0.018867964659971648,nan,0.026677266961076807,0.02587810655711631,0.014254196642508266
0.018368697363172287,0.018091583352565527,0.018700041117557853,nan,0.026521873761378767,0.025729323498466905,0.014136543752666486
0.01837234865771717,0.01809592157958287,0.018845152016013222,nan,0.026582807348236315,0.02578207961956369,0.014237276610729266
0.0184826219819397,0.018205554124631484,0.018961802344801493,nan,0.02671796114648145,0.02591719665097658,0.014390229288405387
0.0184826219819397,0.018205554124631484,0.018961802344801493,nan,0.02671796114648145,0.02591719665097658,0.014390229288405276
0.018637645472726366,0.018362762159083695,0.019350242505694837,nan,0.02713389148760975,0.026325377053528,0.014767725371315321
0.018653793357714332,0.01837903710530772,0.019402227358320534,nan,0.027148313732098084,0.026338911356753703,0.014802209905430908
0.015075444125459136,0.015135149895085964,0.01944988716977425,nan,0.024820011724007163,0.023014374497739798,0.014854559138913204
0.015064043283959105,0.015124056134039277,0.01904633467478334,nan,0.024502809764615274,0.02269868761903715,0.014561320404001488
0.015064043283959105,0.015124056134039277,0.01904633467478334,nan,0.024502809764615274,0.02269868761903715,0.014561320404001488
0.016601597293808334,0.015787145700020322,0.019018574140698963,nan,0.024487445288069787,0.025858120052075773,0.014516685192100698
