1209,1206,1202,1203,1201,1202,1206,1197,1196,1195,1195,1191,1195,1201,1215,1205,1214,1219,1231,1243,1241,1240,1249,1246,1249,1240,1233,1227,1234,1234,1251,1236,1241,1239,1240,1238,1255,1242,1245,1249,1247,1243,1237,1236,1237,1236,1236,1236,1232,1229,1229,1219,1224,1230,1229,1228,1224,1214,1214,1209,1217,1217,1216,1214,1216,1207,1221,1214,1205,1207,1196,1193,1180,1180,1202,1202,1220,1218,1226,1208,1198,1199,1189,1188,1184,1187,1187,1178,1176,1175,1174,1182,1187,1187,1193,1194,1195,1193,1185,1195,1197,1197,1202,1199,1195,1204,1186,1184,1190,1195,1203,1205,1209,1213,1220,1217,1215,1206,1211,1211,1243,1236,1237,1238,1236,1234,1232,1215,1210,1205,1205,1205,1207,1200,1214,1221,1229,1229,1218,1220,1225,1221,1209,1211,1203,1207,1204,1194,1198,1204,1197,1190,1195,1201,1209,1203,1207,1184,1190,1217,1216,1216,1210,1198,1197,1212,1212,1213,1221,1221,1233,1257,1247,1235,1244,1242,1250,1246,1245,1232,1232,1229,1233,1234,1244,1246,1233,1237,1237,1218,1215,1222,1241,1240,1245,1247,1253,1245,1242,1260,1257,1239,1239,1237,1215,1217,1216,1200,1205,1201,1195,1195,1191,1190,1191,1194,1190,1194,1197,1194,1196,1196,1202,1202,1208,1211,1207,1209,1209,1205,1205,1204,1202,1194,1189,1181,1176,1183,1198,1195,1200,1199,1199,1196,1193,1199,1203,1197,1199,1198,1197,1197,1203,1193,1186,1191,1190,1187,1186,1198,1200,1200,1199,1201,1202,1202,1202,1203,1205,1220,1218,1214,1218,1221,1212,1222,1208,1209,1209,1205,1210,1226,1223,1233,1234,1232,1229,1246,1251,1243,1246,1245,1244,1247,1247,1247,1242,1235,1237,1240,1228,1224,1224,1223,1222,1215,1210,1211,1210,1216,1215,1212,1206,1196,1202,1207,1209,1212,1212,1207,1206,1229,1221,1211,1211,1208,1209,1212,1207,1203,1198,1196,1213,1217,1218,1217,1203,1204,1209,1209,1205,1200,1206,1204,1197,1196,1191,1201,1192,1179,1172,1174,1179,1182,1189,1186,1183,1185,1196,1196,1210,1213,1211,1212,1217,1235,1234,1241,1234,1228,1233,1237,1238,1235,1240,1221,1217,1207,1207,1211,1219,1212,1222,1229,1227,1230,1219,1226,1235,1222,1216,1215,1201,1200,1199,1200,1212,1226,1228,1229,1233,1226,1227,1222,1231,1236,1234,1225,1218,1221,1216,1218,1216,1215,1215,1218,1212,1195,1193,1196,1199,1194,1193,1186,1188,1179,1181,1178,1175,1174,1174,1173,1153,1158,1152,1136,1129,1134,1138,1137,1131,1127,1122,1121,1137,1128,1129,1127,1126,1119,1119,1127,1126,1125,1133,1135,1132,1132,1135,1137,1123,1124,1126,1126,1131,1142,1148,1145,1150,1155,1159,1160,1158,1153,1151,1153,1148,1156,1158,1148,1149,1166,1174,1166,1164,1162,1162,1162,1162,1162,1163,1164,1164,1165,1163,1167,1168,1162,1162,1154,1182,1165,1173,1186,1177,1173,1176,1181,1193,1185,1194,1199,1208,1207,1210,1209,1204,1214,1208,1211,1217,1220,1231,1257,1266,1268,1272,1270,1258,1232,1229,1229,1225,1221,1228,1225,1221,1211,1209,1217,1222,1208,1206,1212,1209,1197,1188,1192,1197,1194,1192,1195,1205,1207,1203,1202,1205,1218,1218,1213,1210,1211,1208,1207,1208,1217,1215,1226,1225,1223,1210,1200,1214,1206,1203,1206,1203,1208,1208,1213,1200,1210,1219,1226,1226,1229,1221,1217,1215,1215,1215,1224,1220,1227,1243,1241,1243,1240,1243,1241,1242,1250,1246,1260,1272,1268,1256,1257,1257,1258,1256,1252,1252,1253,1253,1252,1253,1254,1258,1249,1244,1223,1228,1222,1219,1221,1215,1214,1190,1199,1207,1206,1206,1196,1191,1213,1210,1202,1197,1192,1196,1208,1215,1215,1217,1221,1213,1218,1223,1220,1219,1230,1225,1224,1228,1227,1226,1242,1238,1230,1230,1232,1210,1209,1206,1200,1193,1200,1197,1192,1223,1225,1220,1214,1214,1201,1201,1175,1178,1170,1180,1184,1184,1189,1191,1198,1218,1219,1214,1212,1208,1213,1213,1216,1209,1200,1194,1194,1187,1185,1177,1163,1164,1169,1163,1165,1158,1151,1155,1155,1168,1170,1169,1171,1174,1174,1176,1181,1178,1168,1150,1150,1161,1160,1161,1159,1157,1159,1150,1146,1155,1155,1146,1143,1139,1145,1141,1156,1166,1163,1167,1156,1155,1157,1154,1157,1150,1150,1155,1156,1146,1153,1161,1161,1160,1169,1164,1169,1166,1165,1171,1166,1172,1168,1166,1164,1182,1186,1171,1176,1160,1151,1165,1162,1168,1166,1172,1177,1177,1179,1183,1183,1190,1194,1194,1191,1199,1194,1186,1176,1169,1170,1163,1161,1159,1166,1169,1166,1170,1167,1178,1160,1161,1158,1154,1152,1152,1146,1142,1138,1139,1143,1149,1149,1148,1159,1152,1149,1157,1164,1173,1172,1176,1178,1180,1190,1198,1198,1189,1176,1178,1176,1177,1179,1175,1163,1154,1157,1157,1165,1165,1162,1163,1157,1183,1180,1181,1176,1173,1171,1170,1162,1167,1166,1166,1169,1160,1166,1168,1168,1189,1177,1175,1181,1189,1183,1189,1193,1209,1221,1230,1228,1226,1231,1218,1221,1223,1237,1254,1265,1261,1249,1252,1255,1246,1239,1242,1242,1241,1229,1241,1231,1241,1238,1234,1236,1236,1232,1253,1249,1254,1259,1267,1267,1268,1292,1302,1296,1280,1280,1281,1279,1273,1267,1272,1265,1263,1256,1252,1242,1257,1259,1244,1253,1251,1246,1259,1258,1262,1256,1252,1256,1237,1229,1204,1203,1193,1194,1194,1210,1219,1224,1223,1227,1227,1219,1209,1210,1206,1211,1192,1185,1183,1179,1172,1168,1161,1162,1166,1157,1140,1138,1133,1148,1142,1148,1148,1169,1162,1159,1160,1162,1163,1164,1163,1174,1181,1179,1182,1172,1167,1161,1155,1155,1148,1154,1155,1156,1160,1160,1171,1172,1172,1172,1164,1171,1171,1170,1165,1175,1177,1181,1176,1170,1170,1168,1173,1173,1175,1175,1183,1183,1181,1180,1176,1177,1192,1192,1203,1198,1195,1193,1202,1188,1200,1210,1205,1202,1197,1197,1196,1198,1197,1209,1203,1198,1197,1202,1210,1215,1222,1222,1219,1223,1248,1243,1242,1226,1216,1206,1211,1213,1208,1208,1214,1211,1219,1214,1214,1213,1219,1217,1217,1222,1226,1220,1216,1217,1217,1219,1215,1219,1205,1193,1194,1193,1195,1196,1195,1196,1202,1209,1203,1199,1195,1195,1177,1180,1181,1184,1188,1186,1188,1188,1195,1192,1197,1199,1200,1203,1213,1219,1229,1240,1236,1232,1219,1216,1206,1200,1208,1203,1215,1206,1206,1196,1199,1199,1207,1209,1206,1205,1203,1190,1183,1179,1181,1183,1178,1178,1195,1198,1198,1193,1201,1201,1203,1203,1197,1189,1193,1202,1194,1191,1186,1181,1185,1188,1201,1218,1217,1197,1212,1203,1198,1204,1200,1180,1195,1211,1190,1178,1172,1172,1169,1175,1174,1166,1172,1172,1176,1169,1160,1163,1170,1176,1172,1178,1188,1201,1210,1203,1195,1200,1204,1202,1206,1196,1204,1208,1211,1216,1218,1224,1223,1223,1216,1207,1212,1212,1206,1214,1208,1209,1217,1223,1220,1221,1213,1213,1197,1193,1182,1197,1195,1199,1192,1189,1192,1184,1215,1225,1226,1226,1224,1220,1228,1232,1245,1240,1243,1246,1247,1238,1236,1235,1220,1210,1213,1218,1214,1211,1212,1222,1223,1227,1225,1220,1233,1236,1237,1231,1236,1231,1221,1192,1187,1191,1194,1176,1176,1178,1180,1186,1177,1170,1166,1172,1171,1174,1186,1186,1183,1171,1173,1174,1167,1169,1169,1168,1168,1167,1170,1171,1173,1164,1155,1152,1156,1146,1150,1151,1159,1147,1156,1151,1173,1170,1169,1182,1179,1177,1181,1174,1169,1172,1171,1166,1168,1168,1161,1163,1160,1152,1164,1163,1157,1157,1162,1165,1164,1149,1147,1147,1154,1151,1148,1148,1157,1129,1126,1139,1140,1139,1137,1138,1145,1145,1138,1138,1137,1139,1131,1128,1130,1126,1134,1140,1137,1144,1147,1147,1150,1134,1137,1137,1131,1137,1156,1160,1155,1153,1155,1155,1155,1161,1163,1163,1165,1167,1174,1181,1182,1186,1184,1192,1189,1186,1189,1187,1184,1192,1187,1182,1182,1182,1179,1175,1173,1174,1166,1174,1170,1178,1182,1186,1186,1179,1179,1180,1193,1193,1193,1189,1186,1187,1182,1184,1188,1189,1185,1185,1184,1184,1181,1180,1178,1177,1181,1182,1175,1181,1181,1191,1196,1202,1204,1205,1202,1197,1199,1207,1201,1200,1200,1206,1209,1210,1210,1210,1194,1196,1193,1190,1186,1169,1169,1166,1169,1175,1161,1165,1148,1148,1150,1149,1150,1158,1158,1162,1167,1176,1174,1178,1180,1182,1179,1179,1182,1183,1180,1181,1189,1195,1183,1187,1185,1186,1183,1183,1173,1170,1175,1191,1192,1192,1195,1203,1206,1213,1217,1231,1232,1227,1227,1227,1218,1210,1221,1215,1203,1210,1208,1206,1206,1209,1207,1198,1199,1191,1189,1190,1176,1170,1166,1165,1185,1180,1188,1185,1183,1173,1161,1156,1165,1161,1161,1161,1162,1190,1190,1187,1187,1185,1187,1189,1159,1158,1153,1166,1170,1169,1179,1177,1183,1186,1169,1172,1173,1172,1177,1175,1173,1177,1177,1172,1171,1179,1181,1181,1165,1165,1160,1157,1155,1168,1173,1165,1160,1155,1147,1140,1138,1146,1145,1151,1170,1178,1177,1155,1147,1137,1143,1137,1138,1131,1131,1130,1131,1135,1132,1142,1141,1146,1149,1145,1145,1145,1146,1150,1148,1145,1152,1152,1150,1173,1164,1165,1167,1170,1171,1170,1183,1180,1192,1181,1170,1171,1182,1191,1196,1199,1203,1201,1209,1202,1198,1198,1201,1191,1189,1196,1199,1185,1174,1174,1177,1179,1193,1207,1185,1187,1187,1189,1183,1178,1177,1171,1183,1189,1185,1188,1208,1203,1201,1206,1205,1204,1204,1204,1189,1179,1182,1185,1186,1185,1170,1148,1150,1155,1148,1150,1157,1161,1173,1175,1181,1159,1161,1152,1155,1150,1138,1122,1124,1122,1113,1111,1109,1112,1110,1111,1119,1121,1111,1111,1121,1122,1128,1147,1148,1151,1150,1154,1167,1176,1191,1197,1189,1191,1193,1199,1208,1215,1211,1206,1195,1206,1201,1198,1206,1192,1180,1187,1202,1212,1219,1222,1216,1219,1221,1227,1226,1228,1229,1229,1227,1227,1226,1236,1229,1233,1235,1228,1241,1239,1243,1254,1261,1269,1271,1266,1267,1261,1254,1253,1261,1264,1266,1266,1269,1266,1265,1263,1259,1248,1243,1238,1238,1243,1242,1255,1254,1247,1247,1249,1251,1260,1261,1269,1261,1262,1253,1250,1249,1247,1248,1249,1228,1224,1215,1212,1216,1209,1218,1222,1223,1221,1212,1214,1212,1224,1204,1204,1203,1201,1203,1197,1190,1184,1181,1179,1194,1199,1193,1186,1188,1191,1187,1187,1183,1181,1180,1180,1167,1174,1161,1180,1188,1198,1187,1186,1184,1186,1180,1178,1174,1172,1174,1176,1172,1170,1173,1177,1177,1178,1176,1170,1168,1181,1186,1203,1203,1220,1227,1229,1232,1240,1239,1237,1249,1254,1252,1234,1244,1246,1244,1246,1246,1248,1228,1228,1213,1206,1211,1214,1210,1213,1210,1214,1211,1210,1214,1216,1216,1213,1209,1208,1216,1217,1219,1223,1230,1229,1223,1224,1218,1213,1211,1211,1219,1202,1202,1205,1204,1201,1202,1202,1198,1203,1199,1214,1222,1228,1224,1225,1221,1212,1213,1216,1217,1206,1203,1209,1203,1211,1218,1217,1211,1201,1196,1201,1192,1192,1181,1178,1168,1171,1165,1168,1173,1174,1191,1191,1196,1193,1191,1186,1177,1166,1167,1166,1169,1174,1180,1166,1180,1178,1179,1176,1183,1175,1174,1174,1176,1174,1181,1179,1174,1167,1169,1185,1187,1180,1178,1198,1209,1211,1204,1204,1205,1230,1229,1227,1227,1223,1225,1210,1211,1221,1239,1222,1218,1217,1229,1231,1249,1257,1231,1234
